batimetri/circular_island_bathymetry.asc
ncols         600
nrows         600
xllcorner     120.0
yllcorner     -5.0
cellsize      0.01666667
NODATA_value  -9999
[rows 90 to 119 of 600, columns 396 to 461 of 600]
-1952.69 -1959.33 -1966.02 -1972.77 -1979.58 -1986.44 -1993.35 -2000.32 -2007.35 -2014.43 -2021.56 -2028.74 -2035.98 -2043.27 -2050.62 -2058.01 -2065.46 -2072.96 -2080.51 -2088.11 -2095.77 -2103.47 -2111.22 -2119.02 -2126.87 -2134.78 -2142.72 -2150.72 -2158.77 -2166.86 -2175.01 -2183.19 -2191.43 -2199.71 -2208.04 -2216.42 -2224.84 -2233.31 -2241.82 -2250.38 -2258.98 -2267.62 -2276.31 -2285.05 -2293.82 -2302.64 -2311.51 -2320.41 -2329.36 -2338.35 -2347.38 -2356.46 -2365.57 -2374.73 -2383.93 -2393.16 -2402.44 -2411.76 -2421.11 -2430.51 -2439.94 -2449.42 -2458.93 -2468.48 -2478.07 -2487.69
-1938.35 -1945.01 -1951.73 -1958.51 -1965.34 -1972.23 -1979.17 -1986.17 -1993.22 -2000.32 -2007.48 -2014.70 -2021.96 -2029.28 -2036.65 -2044.08 -2051.55 -2059.08 -2066.66 -2074.29 -2081.97 -2089.70 -2097.48 -2105.31 -2113.19 -2121.12 -2129.10 -2137.12 -2145.20 -2153.32 -2161.49 -2169.71 -2177.97 -2186.29 -2194.64 -2203.05 -2211.50 -2219.99 -2228.53 -2237.12 -2245.75 -2254.43 -2263.14 -2271.91 -2280.71 -2289.56 -2298.46 -2307.39 -2316.37 -2325.39 -2334.45 -2343.55 -2352.70 -2361.88 -2371.11 -2380.37 -2389.68 -2399.02 -2408.41 -2417.83 -2427.30 -2436.80 -2446.34 -2455.92 -2465.54 -2475.19
-1924.02 -1930.71 -1937.46 -1944.26 -1951.12 -1958.03 -1965.00 -1972.02 -1979.10 -1986.24 -1993.42 -2000.66 -2007.96 -2015.30 -2022.70 -2030.15 -2037.66 -2045.21 -2052.82 -2060.48 -2068.18 -2075.94 -2083.75 -2091.61 -2099.52 -2107.48 -2115.48 -2123.54 -2131.64 -2139.79 -2147.99 -2156.24 -2164.53 -2172.87 -2181.26 -2189.70 -2198.17 -2206.70 -2215.27 -2223.88 -2232.54 -2241.25 -2250.00 -2258.79 -2267.62 -2276.50 -2285.42 -2294.39 -2303.39 -2312.44 -2321.53 -2330.67 -2339.84 -2349.05 -2358.31 -2367.60 -2376.94 -2386.31 -2395.73 -2405.18 -2414.67 -2424.21 -2433.78 -2443.38 -2453.03 -2462.72
-1909.70 -1916.42 -1923.19 -1930.02 -1936.91 -1943.85 -1950.84 -1957.90 -1965.00 -1972.16 -1979.37 -1986.64 -1993.96 -2001.34 -2008.77 -2016.24 -2023.78 -2031.36 -2038.99 -2046.68 -2054.42 -2062.20 -2070.04 -2077.93 -2085.87 -2093.85 -2101.89 -2109.97 -2118.11 -2126.29 -2134.51 -2142.79 -2151.11 -2159.48 -2167.90 -2176.36 -2184.87 -2193.42 -2202.02 -2210.67 -2219.36 -2228.09 -2236.87 -2245.69 -2254.55 -2263.46 -2272.41 -2281.40 -2290.44 -2299.52 -2308.64 -2317.80 -2327.00 -2336.25 -2345.53 -2354.85 -2364.22 -2373.62 -2383.07 -2392.55 -2402.07 -2411.63 -2421.23 -2430.87 -2440.55 -2450.26
-1895.40 -1902.14 -1908.94 -1915.80 -1922.71 -1929.68 -1936.70 -1943.78 -1950.91 -1958.10 -1965.34 -1972.64 -1979.99 -1987.39 -1994.84 -2002.35 -2009.91 -2017.52 -2025.19 -2032.90 -2040.67 -2048.48 -2056.35 -2064.27 -2072.23 -2080.25 -2088.31 -2096.42 -2104.59 -2112.80 -2121.05 -2129.36 -2137.71 -2146.11 -2154.55 -2163.05 -2171.58 -2180.17 -2188.79 -2197.47 -2206.19 -2214.95 -2223.76 -2232.61 -2241.50 -2250.44 -2259.42 -2268.44 -2277.51 -2286.62 -2295.76 -2304.96 -2314.19 -2323.46 -2332.77 -2342.13 -2351.52 -2360.96 -2370.43 -2379.94 -2389.49 -2399.08 -2408.71 -2418.38 -2428.09 -2437.83
-1881.10 -1887.87 -1894.70 -1901.59 -1908.52 -1915.52 -1922.57 -1929.68 -1936.84 -1944.05 -1951.32 -1958.65 -1966.02 -1973.45 -1980.94 -1988.47 -1996.06 -2003.70 -2011.39 -2019.14 -2026.93 -2034.78 -2042.67 -2050.62 -2058.61 -2066.66 -2074.75 -2082.89 -2091.08 -2099.32 -2107.61 -2115.94 -2124.32 -2132.75 -2141.23 -2149.75 -2158.32 -2166.93 -2175.59 -2184.29 -2193.04 -2201.83 -2210.67 -2219.55 -2228.47 -2237.44 -2246.45 -2255.50 -2264.60 -2273.73 -2282.91 -2292.13 -2301.39 -2310.70 -2320.04 -2329.42 -2338.85 -2348.31 -2357.81 -2367.36 -2376.94 -2386.56 -2396.22 -2405.91 -2415.65 -2425.42
-1866.82 -1873.62 -1880.48 -1887.39 -1894.35 -1901.38 -1908.46 -1915.59 -1922.78 -1930.02 -1937.32 -1944.67 -1952.08 -1959.54 -1967.05 -1974.61 -1982.23 -1989.90 -1997.62 -2005.39 -2013.21 -2021.09 -2029.01 -2036.99 -2045.01 -2053.08 -2061.21 -2069.38 -2077.60 -2085.87 -2094.18 -2102.55 -2110.96 -2119.42 -2127.92 -2136.47 -2145.07 -2153.71 -2162.40 -2171.13 -2179.91 -2188.73 -2197.60 -2206.51 -2215.46 -2224.46 -2233.50 -2242.58 -2251.70 -2260.87 -2270.08 -2279.33 -2288.62 -2297.96 -2307.33 -2316.74 -2326.20 -2335.69 -2345.22 -2354.79 -2364.40 -2374.05 -2383.74 -2393.47 -2403.23 -2413.03
-1852.56 -1859.38 -1866.26 -1873.20 -1880.20 -1887.25 -1894.35 -1901.52 -1908.73 -1916.00 -1923.33 -1930.71 -1938.15 -1945.63 -1953.17 -1960.77 -1968.41 -1976.11 -1983.86 -1991.66 -1999.51 -2007.42 -2015.37 -2023.37 -2031.43 -2039.53 -2047.68 -2055.88 -2064.13 -2072.43 -2080.78 -2089.17 -2097.61 -2106.10 -2114.63 -2123.21 -2131.84 -2140.51 -2149.23 -2157.99 -2166.80 -2175.65 -2184.55 -2193.49 -2202.47 -2211.50 -2220.57 -2229.68 -2238.84 -2248.03 -2257.27 -2266.55 -2275.87 -2285.23 -2294.64 -2304.08 -2313.56 -2323.09 -2332.65 -2342.25 -2351.89 -2361.57 -2371.29 -2381.05 -2390.84 -2400.67
-1838.30 -1845.16 -1852.06 -1859.03 -1866.05 -1873.13 -1880.27 -1887.46 -1894.70 -1902.00 -1909.36 -1916.77 -1924.23 -1931.74 -1939.31 -1946.94 -1954.61 -1962.34 -1970.12 -1977.95 -1985.83 -1993.76 -2001.74 -2009.78 -2017.86 -2025.99 -2034.17 -2042.40 -2050.68 -2059.01 -2067.39 -2075.81 -2084.28 -2092.80 -2101.36 -2109.97 -2118.63 -2127.33 -2136.08 -2144.87 -2153.71 -2162.59 -2171.52 -2180.49 -2189.50 -2198.56 -2207.66 -2216.80 -2225.99 -2235.21 -2244.48 -2253.79 -2263.14 -2272.54 -2281.97 -2291.44 -2300.96 -2310.51 -2320.10 -2329.73 -2339.41 -2349.11 -2358.86 -2368.65 -2378.47 -2388.33
-1824.06 -1830.94 -1837.88 -1844.87 -1851.92 -1859.03 -1866.19 -1873.41 -1880.69 -1888.01 -1895.40 -1902.84 -1910.33 -1917.87 -1925.47 -1933.12 -1940.83 -1948.58 -1956.39 -1964.25 -1972.16 -1980.12 -1988.14 -1996.20 -2004.31 -2012.47 -2020.68 -2028.95 -2037.25 -2045.61 -2054.02 -2062.47 -2070.97 -2079.52 -2088.11 -2096.75 -2105.44 -2114.17 -2122.95 -2131.77 -2140.64 -2149.55 -2158.51 -2167.51 -2176.55 -2185.64 -2194.77 -2203.94 -2213.16 -2222.42 -2231.72 -2241.06 -2250.44 -2259.86 -2269.32 -2278.83 -2288.37 -2297.96 -2307.58 -2317.24 -2326.94 -2336.68 -2346.46 -2356.27 -2366.13 -2376.02
-1809.83 -1816.74 -1823.71 -1830.73 -1837.81 -1844.94 -1852.13 -1859.38 -1866.68 -1874.04 -1881.45 -1888.92 -1896.44 -1904.02 -1911.64 -1919.32 -1927.06 -1934.84 -1942.68 -1950.57 -1958.51 -1966.50 -1974.54 -1982.64 -1990.78 -1998.97 -2007.21 -2015.50 -2023.84 -2032.23 -2040.67 -2049.15 -2057.68 -2066.26 -2074.88 -2083.55 -2092.27 -2101.03 -2109.84 -2118.70 -2127.59 -2136.54 -2145.52 -2154.55 -2163.63 -2172.75 -2181.91 -2191.11 -2200.36 -2209.64 -2218.97 -2228.34 -2237.76 -2247.21 -2256.70 -2266.24 -2275.81 -2285.42 -2295.08 -2304.77 -2314.50 -2324.27 -2334.08 -2343.92 -2353.81 -2363.73
-1795.62 -1802.56 -1809.55 -1816.60 -1823.71 -1830.87 -1838.09 -1845.37 -1852.70 -1860.08 -1867.53 -1875.02 -1882.57 -1890.18 -1897.83 -1905.54 -1913.31 -1921.12 -1928.99 -1936.91 -1944.88 -1952.90 -1960.97 -1969.09 -1977.27 -1985.49 -1993.76 -2002.08 -2010.45 -2018.87 -2027.33 -2035.85 -2044.41 -2053.02 -2061.67 -2070.37 -2079.12 -2087.91 -2096.75 -2105.64 -2114.57 -2123.54 -2132.56 -2141.62 -2150.72 -2159.87 -2169.06 -2178.30 -2187.57 -2196.89 -2206.25 -2215.65 -2225.09 -2234.58 -2244.10 -2253.67 -2263.27 -2272.91 -2282.60 -2292.32 -2302.08 -2311.88 -2321.72 -2331.60 -2341.51 -2351.46
-1781.42 -1788.38 -1795.41 -1802.48 -1809.62 -1816.81 -1824.06 -1831.37 -1838.73 -1846.14 -1853.61 -1861.14 -1868.72 -1876.35 -1884.04 -1891.78 -1899.57 -1907.42 -1915.31 -1923.26 -1931.26 -1939.31 -1947.42 -1955.57 -1963.77 -1972.02 -1980.33 -1988.68 -1997.08 -2005.53 -2014.02 -2022.57 -2031.16 -2039.80 -2048.48 -2057.21 -2065.99 -2074.82 -2083.69 -2092.60 -2101.56 -2110.56 -2119.61 -2128.70 -2137.84 -2147.02 -2156.24 -2165.51 -2174.81 -2184.16 -2193.55 -2202.98 -2212.46 -2221.97 -2231.53 -2241.12 -2250.76 -2260.43 -2270.14 -2279.90 -2289.69 -2299.52 -2309.39 -2319.29 -2329.24 -2339.22
-1767.23 -1774.23 -1781.28 -1788.38 -1795.55 -1802.77 -1810.05 -1817.38 -1824.77 -1832.22 -1839.72 -1847.27 -1854.88 -1862.54 -1870.26 -1878.03 -1885.85 -1893.73 -1901.65 -1909.63 -1917.66 -1925.75 -1933.88 -1942.06 -1950.30 -1958.58 -1966.91 -1975.29 -1983.72 -1992.20 -2000.73 -2009.30 -2017.93 -2026.60 -2035.31 -2044.08 -2052.88 -2061.74 -2070.64 -2079.58 -2088.58 -2097.61 -2106.69 -2115.81 -2124.98 -2134.19 -2143.44 -2152.74 -2162.07 -2171.45 -2180.88 -2190.34 -2199.84 -2209.39 -2218.97 -2228.60 -2238.26 -2247.97 -2257.71 -2267.50 -2277.32 -2287.18 -2297.08 -2307.02 -2316.99 -2327.00
-1753.06 -1760.08 -1767.16 -1774.30 -1781.49 -1788.74 -1796.05 -1803.41 -1810.83 -1818.31 -1825.84 -1833.42 -1841.06 -1848.75 -1856.50 -1864.30 -1872.15 -1880.06 -1888.01 -1896.02 -1904.09 -1912.20 -1920.36 -1928.57 -1936.84 -1945.15 -1953.52 -1961.93 -1970.39 -1978.90 -1987.46 -1996.06 -2004.72 -2013.42 -2022.16 -2030.96 -2039.80 -2048.68 -2057.61 -2066.59 -2075.61 -2084.68 -2093.79 -2102.94 -2112.14 -2121.38 -2130.66 -2139.99 -2149.36 -2158.77 -2168.22 -2177.72 -2187.25 -2196.83 -2206.44 -2216.10 -2225.80 -2235.53 -2245.31 -2255.12 -2264.97 -2274.87 -2284.80 -2294.76 -2304.77 -2314.81
-1738.90 -1745.95 -1753.06 -1760.23 -1767.45 -1774.73 -1782.07 -1789.46 -1796.91 -1804.41 -1811.97 -1819.59 -1827.26 -1834.98 -1842.75 -1850.58 -1858.47 -1866.40 -1874.39 -1882.43 -1890.52 -1898.67 -1906.86 -1915.11 -1923.40 -1931.74 -1940.14 -1948.58 -1957.07 -1965.62 -1974.20 -1982.84 -1991.53 -2000.26 -2009.03 -2017.86 -2026.73 -2035.65 -2044.61 -2053.62 -2062.67 -2071.77 -2080.91 -2090.09 -2099.32 -2108.59 -2117.91 -2127.27 -2136.67 -2146.11 -2155.59 -2165.12 -2174.68 -2184.29 -2193.94 -2203.62 -2213.35 -2223.12 -2232.93 -2242.77 -2252.65 -2262.58 -2272.54 -2282.54 -2292.57 -2302.64
-1724.76 -1731.84 -1738.97 -1746.17 -1753.42 -1760.73 -1768.10 -1775.52 -1783.00 -1790.53 -1798.12 -1805.77 -1813.47 -1821.22 -1829.03 -1836.89 -1844.80 -1852.77 -1860.79 -1868.86 -1876.98 -1885.15 -1893.38 -1901.65 -1909.98 -1918.36 -1926.78 -1935.26 -1943.78 -1952.35 -1960.97 -1969.64 -1978.35 -1987.12 -1995.93 -2004.78 -2013.69 -2022.63 -2031.63 -2040.67 -2049.75 -2058.88 -2068.05 -2077.27 -2086.53 -2095.83 -2105.18 -2114.57 -2124.00 -2133.47 -2142.99 -2152.54 -2162.14 -2171.78 -2181.46 -2191.17 -2200.93 -2210.73 -2220.57 -2230.44 -2240.36 -2250.31 -2260.30 -2270.33 -2280.40 -2290.50
-1710.63 -1717.74 -1724.90 -1732.13 -1739.41 -1746.75 -1754.15 -1761.60 -1769.11 -1776.67 -1784.29 -1791.97 -1799.70 -1807.48 -1815.32 -1823.21 -1831.15 -1839.15 -1847.20 -1855.30 -1863.46 -1871.66 -1879.92 -1888.22 -1896.58 -1904.99 -1913.44 -1921.95 -1930.50 -1939.11 -1947.76 -1956.46 -1965.21 -1974.00 -1982.84 -1991.73 -2000.66 -2009.64 -2018.67 -2027.74 -2036.85 -2046.01 -2055.22 -2064.46 -2073.76 -2083.09 -2092.47 -2101.89 -2111.35 -2120.86 -2130.40 -2139.99 -2149.62 -2159.29 -2169.00 -2178.75 -2188.54 -2198.37 -2208.24 -2218.14 -2228.09 -2238.07 -2248.10 -2258.16 -2268.25 -2278.39
-1696.51 -1703.65 -1710.85 -1718.10 -1725.42 -1732.78 -1740.21 -1747.69 -1755.23 -1762.83 -1770.48 -1778.18 -1785.94 -1793.76 -1801.63 -1809.55 -1817.52 -1825.55 -1833.63 -1841.77 -1849.95 -1858.19 -1866.47 -1874.81 -1883.20 -1891.64 -1900.13 -1908.66 -1917.25 -1925.88 -1934.57 -1943.30 -1952.08 -1960.90 -1969.78 -1978.69 -1987.66 -1996.67 -2005.73 -2014.83 -2023.98 -2033.17 -2042.40 -2051.68 -2061.01 -2070.37 -2079.78 -2089.24 -2098.73 -2108.27 -2117.84 -2127.46 -2137.12 -2146.82 -2156.56 -2166.35 -2176.17 -2186.03 -2195.93 -2205.87 -2215.84 -2225.86 -2235.91 -2246.00 -2256.13 -2266.30
-1682.41 -1689.58 -1696.81 -1704.09 -1711.44 -1718.83 -1726.29 -1733.80 -1741.37 -1749.00 -1756.68 -1764.42 -1772.21 -1780.05 -1787.95 -1795.91 -1803.91 -1811.97 -1820.08 -1828.25 -1836.46 -1844.73 -1853.05 -1861.42 -1869.84 -1878.31 -1886.83 -1895.40 -1904.02 -1912.68 -1921.40 -1930.16 -1938.97 -1947.83 -1956.73 -1965.68 -1974.68 -1983.72 -1992.81 -2001.95 -2011.13 -2020.35 -2029.62 -2038.93 -2048.28 -2057.68 -2067.12 -2076.61 -2086.13 -2095.70 -2105.31 -2114.96 -2124.65 -2134.38 -2144.16 -2153.97 -2163.82 -2173.71 -2183.65 -2193.62 -2203.62 -2213.67 -2223.76 -2233.88 -2244.04 -2254.24
-1668.33 -1675.53 -1682.78 -1690.10 -1697.47 -1704.90 -1712.39 -1719.93 -1727.53 -1735.19 -1742.90 -1750.67 -1758.49 -1766.37 -1774.30 -1782.28 -1790.32 -1798.41 -1806.55 -1814.75 -1823.00 -1831.30 -1839.65 -1848.05 -1856.50 -1865.00 -1873.55 -1882.15 -1890.80 -1899.50 -1908.25 -1917.04 -1925.88 -1934.77 -1943.71 -1952.69 -1961.72 -1970.80 -1979.92 -1989.08 -1998.30 -2007.55 -2016.85 -2026.19 -2035.58 -2045.01 -2054.48 -2064.00 -2073.56 -2083.16 -2092.80 -2102.48 -2112.20 -2121.97 -2131.77 -2141.62 -2151.50 -2161.43 -2171.39 -2181.39 -2191.43 -2201.51 -2211.63 -2221.78 -2231.97 -2242.20
-1654.26 -1661.49 -1668.77 -1676.12 -1683.52 -1690.98 -1698.50 -1706.08 -1713.71 -1721.40 -1729.14 -1736.94 -1744.79 -1752.70 -1760.66 -1768.68 -1776.75 -1784.87 -1793.04 -1801.27 -1809.55 -1817.88 -1826.26 -1834.70 -1843.18 -1851.71 -1860.30 -1868.93 -1877.61 -1886.34 -1895.12 -1903.95 -1912.82 -1921.74 -1930.71 -1939.73 -1948.79 -1957.90 -1967.05 -1976.25 -1985.49 -1994.78 -2004.11 -2013.48 -2022.90 -2032.37 -2041.87 -2051.42 -2061.01 -2070.64 -2080.31 -2090.03 -2099.78 -2109.58 -2119.42 -2129.29 -2139.21 -2149.16 -2159.16 -2169.19 -2179.26 -2189.37 -2199.52 -2209.71 -2219.93 -2230.19
-1640.21 -1647.46 -1654.78 -1662.16 -1669.59 -1677.08 -1684.63 -1692.24 -1699.90 -1707.62 -1715.39 -1723.22 -1731.11 -1739.05 -1747.04 -1755.09 -1763.19 -1771.34 -1779.55 -1787.81 -1796.12 -1804.48 -1812.90 -1821.36 -1829.88 -1838.44 -1847.06 -1855.73 -1864.44 -1873.20 -1882.01 -1890.87 -1899.78 -1908.73 -1917.73 -1926.78 -1935.88 -1945.01 -1954.20 -1963.43 -1972.71 -1982.03 -1991.39 -2000.80 -2010.25 -2019.74 -2029.28 -2038.86 -2048.48 -2058.15 -2067.85 -2077.60 -2087.39 -2097.21 -2107.08 -2116.99 -2126.94 -2136.93 -2146.95 -2157.02 -2167.12 -2177.26 -2187.44 -2197.66 -2207.92 -2218.21
-1626.17 -1633.46 -1640.80 -1648.21 -1655.68 -1663.20 -1670.78 -1678.42 -1686.11 -1693.86 -1701.67 -1709.53 -1717.44 -1725.42 -1733.44 -1741.52 -1749.65 -1757.84 -1766.08 -1774.37 -1782.71 -1791.11 -1799.55 -1808.05 -1816.60 -1825.20 -1833.85 -1842.54 -1851.29 -1860.08 -1868.93 -1877.82 -1886.76 -1895.75 -1904.78 -1913.86 -1922.99 -1932.16 -1941.38 -1950.64 -1959.95 -1969.30 -1978.69 -1988.14 -1997.62 -2007.15 -2016.72 -2026.33 -2035.98 -2045.68 -2055.42 -2065.20 -2075.02 -2084.88 -2094.78 -2104.72 -2114.70 -2124.72 -2134.78 -2144.87 -2155.01 -2165.18 -2175.39 -2185.64 -2195.93 -2206.25
-1612.14 -1619.46 -1626.84 -1634.28 -1641.78 -1649.33 -1656.94 -1664.61 -1672.34 -1680.12 -1687.96 -1695.85 -1703.80 -1711.80 -1719.86 -1727.97 -1736.14 -1744.35 -1752.63 -1760.95 -1769.32 -1777.75 -1786.23 -1794.76 -1803.34 -1811.97 -1820.65 -1829.38 -1838.16 -1846.99 -1855.87 -1864.79 -1873.76 -1882.78 -1891.85 -1900.96 -1910.12 -1919.32 -1928.57 -1937.87 -1947.21 -1956.60 -1966.02 -1975.50 -1985.01 -1994.57 -2004.18 -2013.82 -2023.51 -2033.24 -2043.01 -2052.82 -2062.67 -2072.56 -2082.50 -2092.47 -2102.48 -2112.53 -2122.62 -2132.75 -2142.92 -2153.13 -2163.37 -2173.65 -2183.97 -2194.32
-1598.14 -1605.49 -1612.90 -1620.37 -1627.90 -1635.48 -1643.13 -1650.83 -1658.58 -1666.40 -1674.27 -1682.19 -1690.17 -1698.21 -1706.30 -1714.44 -1722.64 -1730.89 -1739.19 -1747.55 -1755.96 -1764.42 -1772.93 -1781.49 -1790.10 -1798.77 -1807.48 -1816.24 -1825.06 -1833.92 -1842.83 -1851.78 -1860.79 -1869.84 -1878.94 -1888.08 -1897.28 -1906.51 -1915.80 -1925.13 -1934.50 -1943.92 -1953.38 -1962.88 -1972.43 -1982.03 -1991.66 -2001.34 -2011.06 -2020.82 -2030.62 -2040.47 -2050.35 -2060.28 -2070.24 -2080.25 -2090.29 -2100.38 -2110.50 -2120.66 -2130.86 -2141.10 -2151.37 -2161.69 -2172.04 -2182.42
-1584.15 -1591.53 -1598.97 -1606.47 -1614.03 -1621.65 -1629.33 -1637.06 -1644.85 -1652.69 -1660.59 -1668.55 -1676.56 -1684.63 -1692.75 -1700.93 -1709.16 -1717.44 -1725.78 -1734.17 -1742.61 -1751.10 -1759.65 -1768.24 -1776.89 -1785.59 -1794.33 -1803.13 -1811.97 -1820.87 -1829.81 -1838.80 -1847.84 -1856.92 -1866.05 -1875.23 -1884.46 -1893.73 -1903.04 -1912.41 -1921.81 -1931.26 -1940.76 -1950.30 -1959.88 -1969.50 -1979.17 -1988.88 -1998.63 -2008.43 -2018.26 -2028.14 -2038.06 -2048.02 -2058.01 -2068.05 -2078.13 -2088.25 -2098.40 -2108.59 -2118.83 -2129.10 -2139.40 -2149.75 -2160.13 -2170.55
-1570.17 -1577.59 -1585.06 -1592.59 -1600.19 -1607.84 -1615.54 -1623.31 -1631.13 -1639.01 -1646.94 -1654.93 -1662.98 -1671.08 -1679.23 -1687.44 -1695.70 -1704.02 -1712.39 -1720.81 -1729.28 -1737.81 -1746.39 -1755.02 -1763.70 -1772.42 -1781.20 -1790.03 -1798.91 -1807.84 -1816.81 -1825.84 -1834.91 -1844.03 -1853.19 -1862.40 -1871.66 -1880.97 -1890.31 -1899.71 -1909.15 -1918.63 -1928.16 -1937.73 -1947.35 -1957.01 -1966.71 -1976.45 -1986.24 -1996.06 -2005.93 -2015.84 -2025.79 -2035.78 -2045.81 -2055.88 -2065.99 -2076.14 -2086.33 -2096.56 -2106.82 -2117.12 -2127.46 -2137.84 -2148.25 -2158.70
-1556.22 -1563.66 -1571.17 -1578.73 -1586.36 -1594.04 -1601.78 -1609.57 -1617.43 -1625.34 -1633.31 -1641.33 -1649.41 -1657.54 -1665.73 -1673.97 -1682.27 -1690.61 -1699.02 -1707.47 -1715.98 -1724.54 -1733.15 -1741.81 -1750.52 -1759.29 -1768.10 -1776.96 -1785.87 -1794.83 -1803.84 -1812.90 -1822.00 -1831.15 -1840.35 -1849.60 -1858.89 -1868.23 -1877.61 -1887.04 -1896.51 -1906.03 -1915.59 -1925.19 -1934.84 -1944.53 -1954.27 -1964.05 -1973.86 -1983.72 -1993.63 -2003.57 -2013.55 -2023.57 -2033.64 -2043.74 -2053.88 -2064.07 -2074.29 -2084.55 -2094.84 -2105.18 -2115.55 -2125.96 -2136.41 -2146.89
-1542.28 -1549.76 -1557.29 -1564.89 -1572.55 -1580.26 -1588.03 -1595.86 -1603.75 -1611.69 -1619.69 -1627.75 -1635.86 -1644.02 -1652.24 -1660.52 -1668.85 -1677.23 -1685.67 -1694.16 -1702.70 -1711.29 -1719.93 -1728.63 -1737.37 -1746.17 -1755.02 -1763.91 -1772.86 -1781.85 -1790.89 -1799.98 -1809.12 -1818.31 -1827.54 -1836.82 -1846.14 -1855.51 -1864.93 -1874.39 -1883.90 -1893.45 -1903.04 -1912.68 -1922.36 -1932.09 -1941.86 -1951.67 -1961.52 -1971.41 -1981.35 -1991.32 -2001.34 -2011.39 -2021.49 -2031.63 -2041.80 -2052.02 -2062.27 -2072.56 -2082.89 -2093.26 -2103.67 -2114.11 -2124.59 -2135.10
