batimetri/circular_island_bathymetry_2.asc
ncols         600
nrows         600
xllcorner     120.0
yllcorner     -5.0
cellsize      0.01666667
NODATA_value  -9999
[rows 203 to 231 of 600, columns 396 to 461 of 600]
-873.59 -883.78 -894.02 -904.31 -914.65 -925.05 -935.49 -945.98 -956.51 -967.09 -977.72 -988.40 -999.12 -1009.88 -1020.68 -1031.53 -1042.42 -1053.35 -1064.32 -1075.33 -1086.38 -1097.47 -1108.59 -1119.76 -1130.96 -1142.20 -1153.47 -1164.78 -1176.12 -1187.50 -1198.91 -1210.36 -1221.83 -1233.34 -1244.88 -1256.46 -1268.06 -1279.69 -1291.36 -1303.05 -1314.77 -1326.52 -1338.30 -1350.11 -1361.94 -1373.81 -1385.69 -1397.61 -1409.55 -1421.51 -1433.50 -1445.52 -1457.56 -1469.62 -1481.71 -1493.82 -1505.96 -1518.12 -1530.30 -1542.50 -1554.72 -1566.97 -1579.23 -1591.52 -1603.83 -1616.16
-863.45 -873.69 -883.99 -894.33 -904.72 -915.17 -925.66 -936.20 -946.79 -957.42 -968.10 -978.82 -989.59 -1000.40 -1011.26 -1022.15 -1033.09 -1044.07 -1055.08 -1066.14 -1077.24 -1088.37 -1099.55 -1110.76 -1122.00 -1133.29 -1144.60 -1155.96 -1167.35 -1178.77 -1190.22 -1201.71 -1213.23 -1224.78 -1236.37 -1247.98 -1259.63 -1271.30 -1283.01 -1294.74 -1306.50 -1318.29 -1330.11 -1341.96 -1353.83 -1365.74 -1377.66 -1389.62 -1401.59 -1413.60 -1425.63 -1437.68 -1449.76 -1461.86 -1473.98 -1486.13 -1498.30 -1510.49 -1522.71 -1534.95 -1547.21 -1559.49 -1571.79 -1584.11 -1596.45 -1608.81
-853.37 -863.66 -874.01 -884.40 -894.85 -905.35 -915.89 -926.48 -937.12 -947.80 -958.53 -969.31 -980.12 -990.98 -1001.89 -1012.83 -1023.82 -1034.84 -1045.91 -1057.01 -1068.16 -1079.34 -1090.56 -1101.81 -1113.10 -1124.43 -1135.80 -1147.19 -1158.63 -1170.09 -1181.59 -1193.12 -1204.69 -1216.28 -1227.91 -1239.56 -1251.25 -1262.97 -1274.71 -1286.49 -1298.29 -1310.12 -1321.98 -1333.87 -1345.78 -1357.72 -1369.69 -1381.68 -1393.70 -1405.74 -1417.81 -1429.90 -1442.01 -1454.15 -1466.31 -1478.50 -1490.70 -1502.93 -1515.18 -1527.45 -1539.75 -1552.06 -1564.40 -1576.75 -1589.13 -1601.53
-843.34 -853.68 -864.08 -874.53 -885.03 -895.58 -906.18 -916.82 -927.51 -938.24 -949.02 -959.84 -970.71 -981.62 -992.57 -1003.57 -1014.60 -1025.67 -1036.79 -1047.94 -1059.13 -1070.36 -1081.62 -1092.93 -1104.26 -1115.64 -1127.05 -1138.49 -1149.97 -1161.47 -1173.02 -1184.59 -1196.20 -1207.84 -1219.51 -1231.20 -1242.93 -1254.69 -1266.48 -1278.30 -1290.14 -1302.01 -1313.91 -1325.84 -1337.79 -1349.77 -1361.78 -1373.81 -1385.86 -1397.94 -1410.04 -1422.17 -1434.32 -1446.50 -1458.70 -1470.92 -1483.16 -1495.42 -1507.71 -1520.02 -1532.35 -1544.70 -1557.07 -1569.46 -1581.87 -1594.30
-833.36 -843.76 -854.22 -864.72 -875.27 -885.87 -896.52 -907.21 -917.95 -928.74 -939.57 -950.44 -961.36 -972.32 -983.32 -994.36 -1005.44 -1016.56 -1027.72 -1038.92 -1050.16 -1061.44 -1072.75 -1084.10 -1095.48 -1106.90 -1118.35 -1129.84 -1141.36 -1152.92 -1164.50 -1176.12 -1187.77 -1199.45 -1211.16 -1222.91 -1234.68 -1246.48 -1258.31 -1270.16 -1282.05 -1293.96 -1305.90 -1317.87 -1329.86 -1341.88 -1353.92 -1365.99 -1378.08 -1390.20 -1402.34 -1414.51 -1426.69 -1438.91 -1451.14 -1463.40 -1475.68 -1487.98 -1500.30 -1512.64 -1525.00 -1537.39 -1549.79 -1562.22 -1574.66 -1587.12
-823.44 -833.90 -844.41 -854.96 -865.56 -876.22 -886.92 -897.66 -908.45 -919.29 -930.17 -941.09 -952.06 -963.07 -974.12 -985.21 -996.34 -1007.51 -1018.72 -1029.97 -1041.25 -1052.58 -1063.94 -1075.33 -1086.76 -1098.22 -1109.72 -1121.26 -1132.82 -1144.42 -1156.05 -1167.71 -1179.40 -1191.13 -1202.88 -1214.67 -1226.48 -1238.32 -1250.19 -1262.09 -1274.01 -1285.97 -1297.95 -1309.95 -1321.98 -1334.04 -1346.12 -1358.23 -1370.36 -1382.52 -1394.70 -1406.90 -1419.13 -1431.37 -1443.64 -1455.94 -1468.25 -1480.59 -1492.94 -1505.32 -1517.72 -1530.14 -1542.58 -1555.03 -1567.51 -1580.01
-813.58 -824.09 -834.65 -845.26 -855.92 -866.62 -877.37 -888.17 -899.01 -909.90 -920.83 -931.81 -942.82 -953.88 -964.98 -976.12 -987.30 -998.52 -1009.78 -1021.07 -1032.41 -1043.78 -1055.18 -1066.62 -1078.10 -1089.61 -1101.15 -1112.73 -1124.34 -1135.98 -1147.66 -1159.36 -1171.10 -1182.86 -1194.66 -1206.49 -1218.34 -1230.22 -1242.14 -1254.08 -1266.04 -1278.03 -1290.05 -1302.10 -1314.17 -1326.27 -1338.39 -1350.53 -1362.70 -1374.90 -1387.11 -1399.35 -1411.62 -1423.90 -1436.21 -1448.54 -1460.89 -1473.26 -1485.65 -1498.06 -1510.49 -1522.95 -1535.42 -1547.91 -1560.42 -1572.95
-803.78 -814.34 -824.96 -835.62 -846.33 -857.09 -867.89 -878.74 -889.63 -900.57 -911.56 -922.58 -933.65 -944.76 -955.91 -967.09 -978.32 -989.59 -1000.90 -1012.24 -1023.62 -1035.04 -1046.49 -1057.97 -1069.50 -1081.05 -1092.64 -1104.26 -1115.92 -1127.61 -1139.32 -1151.07 -1162.85 -1174.66 -1186.50 -1198.37 -1210.27 -1222.19 -1234.14 -1246.12 -1258.13 -1270.16 -1282.22 -1294.31 -1306.42 -1318.55 -1330.71 -1342.90 -1355.10 -1367.33 -1379.59 -1391.87 -1404.17 -1416.49 -1428.83 -1441.19 -1453.58 -1465.99 -1478.41 -1490.86 -1503.33 -1515.82 -1528.32 -1540.85 -1553.39 -1565.96
-794.03 -804.65 -815.32 -826.04 -836.80 -847.61 -858.47 -869.37 -880.31 -891.31 -902.34 -913.41 -924.53 -935.69 -946.89 -958.13 -969.41 -980.72 -992.08 -1003.47 -1014.89 -1026.36 -1037.86 -1049.39 -1060.96 -1072.56 -1084.19 -1095.86 -1107.56 -1119.29 -1131.05 -1142.85 -1154.67 -1166.52 -1178.40 -1190.31 -1202.25 -1214.22 -1226.21 -1238.23 -1250.28 -1262.35 -1274.45 -1286.58 -1298.73 -1310.90 -1323.10 -1335.32 -1347.57 -1359.83 -1372.13 -1384.44 -1396.78 -1409.13 -1421.51 -1433.91 -1446.34 -1458.78 -1471.24 -1483.72 -1496.22 -1508.75 -1521.29 -1533.84 -1546.42 -1559.02
-784.35 -795.02 -805.74 -816.51 -827.33 -838.19 -849.10 -860.06 -871.06 -882.10 -893.18 -904.31 -915.48 -926.69 -937.94 -949.22 -960.55 -971.91 -983.32 -994.76 -1006.23 -1017.74 -1029.29 -1040.87 -1052.48 -1064.13 -1075.81 -1087.52 -1099.26 -1111.04 -1122.84 -1134.68 -1146.55 -1158.44 -1170.37 -1182.32 -1194.30 -1206.31 -1218.34 -1230.40 -1242.49 -1254.60 -1266.74 -1278.91 -1291.10 -1303.31 -1315.55 -1327.81 -1340.09 -1352.40 -1364.72 -1377.08 -1389.45 -1401.84 -1414.26 -1426.69 -1439.15 -1451.63 -1464.13 -1476.64 -1489.18 -1501.73 -1514.31 -1526.90 -1539.51 -1552.14
-774.72 -785.45 -796.23 -807.05 -817.92 -828.84 -839.80 -850.81 -861.86 -872.95 -884.09 -895.27 -906.49 -917.75 -929.04 -940.38 -951.76 -963.17 -974.62 -986.11 -997.63 -1009.19 -1020.78 -1032.41 -1044.07 -1055.76 -1067.48 -1079.24 -1091.03 -1102.85 -1114.70 -1126.58 -1138.49 -1150.43 -1162.39 -1174.39 -1186.41 -1198.46 -1210.53 -1222.64 -1234.77 -1246.92 -1259.10 -1271.30 -1283.53 -1295.78 -1308.06 -1320.35 -1332.68 -1345.02 -1357.39 -1369.77 -1382.18 -1394.61 -1407.07 -1419.54 -1432.03 -1444.54 -1457.07 -1469.62 -1482.20 -1494.78 -1507.39 -1520.02 -1532.66 -1545.32
-765.16 -775.94 -786.78 -797.65 -808.58 -819.55 -830.56 -841.62 -852.73 -863.87 -875.06 -886.29 -897.56 -908.87 -920.22 -931.60 -943.03 -954.49 -965.99 -977.52 -989.09 -1000.70 -1012.34 -1024.01 -1035.72 -1047.46 -1059.23 -1071.03 -1082.86 -1094.73 -1106.62 -1118.54 -1130.49 -1142.48 -1154.48 -1166.52 -1178.58 -1190.68 -1202.79 -1214.94 -1227.10 -1239.30 -1251.52 -1263.76 -1276.03 -1288.32 -1300.63 -1312.97 -1325.32 -1337.71 -1350.11 -1362.53 -1374.98 -1387.45 -1399.93 -1412.44 -1424.97 -1437.52 -1450.08 -1462.67 -1475.27 -1487.90 -1500.54 -1513.20 -1525.87 -1538.57
-755.66 -766.50 -777.38 -788.32 -799.30 -810.32 -821.39 -832.50 -843.66 -854.85 -866.09 -877.37 -888.69 -900.05 -911.45 -922.89 -934.36 -945.87 -957.42 -969.00 -980.62 -992.27 -1003.96 -1015.68 -1027.43 -1039.22 -1051.03 -1062.88 -1074.76 -1086.66 -1098.60 -1110.57 -1122.56 -1134.59 -1146.64 -1158.72 -1170.82 -1182.96 -1195.11 -1207.30 -1219.51 -1231.74 -1244.00 -1256.28 -1268.59 -1280.91 -1293.27 -1305.64 -1318.04 -1330.46 -1342.90 -1355.36 -1367.84 -1380.34 -1392.87 -1405.41 -1417.97 -1430.55 -1443.15 -1455.77 -1468.41 -1481.07 -1493.74 -1506.44 -1519.15 -1531.87
-746.22 -757.12 -768.06 -779.05 -790.08 -801.16 -812.28 -823.44 -834.65 -845.90 -857.19 -868.52 -879.89 -891.31 -902.75 -914.24 -925.76 -937.32 -948.92 -960.55 -972.22 -983.91 -995.65 -1007.41 -1019.21 -1031.04 -1042.90 -1054.80 -1066.72 -1078.67 -1090.65 -1102.66 -1114.70 -1126.77 -1138.86 -1150.98 -1163.13 -1175.30 -1187.50 -1199.72 -1211.97 -1224.25 -1236.54 -1248.86 -1261.21 -1273.58 -1285.97 -1298.38 -1310.81 -1323.27 -1335.75 -1348.24 -1360.76 -1373.30 -1385.86 -1398.44 -1411.04 -1423.65 -1436.29 -1448.94 -1461.62 -1474.31 -1487.01 -1499.74 -1512.48 -1525.24
-736.85 -747.80 -758.80 -769.84 -780.93 -792.06 -803.23 -814.45 -825.71 -837.01 -848.36 -859.74 -871.16 -882.62 -894.12 -905.66 -917.23 -928.84 -940.48 -952.16 -963.88 -975.62 -987.40 -999.21 -1011.06 -1022.93 -1034.84 -1046.78 -1058.74 -1070.74 -1082.77 -1094.82 -1106.90 -1119.01 -1131.15 -1143.31 -1155.50 -1167.71 -1179.95 -1192.22 -1204.50 -1216.82 -1229.16 -1241.52 -1253.90 -1266.30 -1278.73 -1291.18 -1303.65 -1316.15 -1328.66 -1341.20 -1353.75 -1366.32 -1378.92 -1391.53 -1404.17 -1416.82 -1429.49 -1442.17 -1454.88 -1467.60 -1480.35 -1493.10 -1505.88 -1518.67
-727.54 -738.55 -749.60 -760.70 -771.84 -783.02 -794.25 -805.53 -816.84 -828.19 -839.59 -851.02 -862.50 -874.01 -885.56 -897.14 -908.76 -920.42 -932.11 -943.84 -955.60 -967.40 -979.22 -991.08 -1002.97 -1014.89 -1026.85 -1038.83 -1050.84 -1062.88 -1074.95 -1087.04 -1099.17 -1111.32 -1123.50 -1135.70 -1147.93 -1160.19 -1172.47 -1184.77 -1197.10 -1209.46 -1221.83 -1234.23 -1246.65 -1259.10 -1271.56 -1284.05 -1296.56 -1309.09 -1321.64 -1334.21 -1346.80 -1359.41 -1372.04 -1384.69 -1397.36 -1410.04 -1422.75 -1435.47 -1448.21 -1460.97 -1473.74 -1486.53 -1499.34 -1512.16
-718.30 -729.36 -740.47 -751.62 -762.82 -774.06 -785.34 -796.67 -808.03 -819.44 -830.89 -842.37 -853.90 -865.46 -877.06 -888.69 -900.37 -912.07 -923.81 -935.59 -947.40 -959.24 -971.11 -983.02 -994.95 -1006.92 -1018.92 -1030.94 -1043.00 -1055.08 -1067.20 -1079.34 -1091.50 -1103.70 -1115.92 -1128.16 -1140.44 -1152.73 -1165.05 -1177.40 -1189.77 -1202.16 -1214.58 -1227.01 -1239.47 -1251.96 -1264.46 -1276.99 -1289.53 -1302.10 -1314.69 -1327.29 -1339.92 -1352.57 -1365.23 -1377.91 -1390.62 -1403.34 -1416.07 -1428.83 -1441.60 -1454.39 -1467.20 -1480.02 -1492.86 -1505.72
-709.13 -720.25 -731.41 -742.62 -753.87 -765.16 -776.50 -787.88 -799.30 -810.76 -822.25 -833.79 -845.37 -856.98 -868.63 -880.31 -892.04 -903.79 -915.58 -927.40 -939.26 -951.15 -963.07 -975.02 -987.00 -999.02 -1011.06 -1023.13 -1035.23 -1047.36 -1059.51 -1071.70 -1083.91 -1096.14 -1108.41 -1120.69 -1133.01 -1145.34 -1157.71 -1170.09 -1182.50 -1194.93 -1207.39 -1219.86 -1232.36 -1244.88 -1257.42 -1269.99 -1282.57 -1295.17 -1307.80 -1320.44 -1333.10 -1345.78 -1358.48 -1371.20 -1383.94 -1396.69 -1409.47 -1422.25 -1435.06 -1447.88 -1460.72 -1473.58 -1486.45 -1499.34
-700.03 -711.20 -722.42 -733.68 -744.98 -756.33 -767.72 -779.16 -790.63 -802.14 -813.69 -825.28 -836.91 -848.57 -860.27 -872.01 -883.78 -895.58 -907.42 -919.29 -931.19 -943.13 -955.10 -967.09 -979.12 -991.18 -1003.27 -1015.38 -1027.53 -1039.70 -1051.90 -1064.13 -1076.38 -1088.66 -1100.96 -1113.29 -1125.65 -1138.02 -1150.43 -1162.85 -1175.30 -1187.77 -1200.27 -1212.78 -1225.32 -1237.88 -1250.46 -1263.06 -1275.68 -1288.32 -1300.98 -1313.65 -1326.35 -1339.07 -1351.80 -1364.56 -1377.33 -1390.12 -1402.92 -1415.74 -1428.58 -1441.44 -1454.31 -1467.20 -1480.10 -1493.02
-690.99 -702.22 -713.49 -724.81 -736.17 -747.58 -759.02 -770.51 -782.03 -793.60 -805.20 -816.84 -828.52 -840.23 -851.98 -863.77 -875.59 -887.44 -899.33 -911.25 -923.20 -935.18 -947.19 -959.24 -971.31 -983.42 -995.55 -1007.71 -1019.90 -1032.11 -1044.36 -1056.63 -1068.92 -1081.24 -1093.59 -1105.96 -1118.35 -1130.77 -1143.22 -1155.68 -1168.17 -1180.68 -1193.21 -1205.77 -1218.34 -1230.94 -1243.55 -1256.19 -1268.85 -1281.52 -1294.22 -1306.93 -1319.67 -1332.42 -1345.19 -1357.98 -1370.78 -1383.60 -1396.44 -1409.30 -1422.17 -1435.06 -1447.97 -1460.89 -1473.82 -1486.77
-682.02 -693.31 -704.64 -716.01 -727.43 -738.89 -750.39 -761.93 -773.50 -785.12 -796.78 -808.47 -820.20 -831.96 -843.76 -855.60 -867.47 -879.37 -891.31 -903.27 -915.27 -927.30 -939.36 -951.45 -963.57 -975.72 -987.90 -1000.11 -1012.34 -1024.60 -1036.88 -1049.20 -1061.53 -1073.90 -1086.28 -1098.70 -1111.13 -1123.59 -1136.07 -1148.58 -1161.11 -1173.66 -1186.23 -1198.82 -1211.43 -1224.07 -1236.72 -1249.40 -1262.09 -1274.80 -1287.53 -1300.28 -1313.05 -1325.84 -1338.64 -1351.46 -1364.30 -1377.16 -1390.03 -1402.92 -1415.83 -1428.75 -1441.68 -1454.64 -1467.60 -1480.59
-673.13 -684.47 -695.86 -707.29 -718.76 -730.27 -741.83 -753.42 -765.05 -776.72 -788.43 -800.17 -811.95 -823.77 -835.62 -847.50 -859.42 -871.37 -883.36 -895.37 -907.42 -919.50 -931.60 -943.74 -955.91 -968.10 -980.32 -992.57 -1004.85 -1017.15 -1029.48 -1041.84 -1054.22 -1066.62 -1079.05 -1091.50 -1103.98 -1116.48 -1129.00 -1141.55 -1154.12 -1166.70 -1179.31 -1191.94 -1204.60 -1217.27 -1229.96 -1242.67 -1255.40 -1268.15 -1280.91 -1293.70 -1306.50 -1319.32 -1332.16 -1345.02 -1357.89 -1370.78 -1383.69 -1396.61 -1409.55 -1422.50 -1435.47 -1448.45 -1461.45 -1474.47
-664.31 -675.71 -687.15 -698.64 -710.16 -721.73 -733.34 -744.98 -756.67 -768.39 -780.15 -791.95 -803.78 -815.65 -827.55 -839.48 -851.45 -863.45 -875.48 -887.54 -899.64 -911.76 -923.92 -936.10 -948.31 -960.55 -972.82 -985.11 -997.43 -1009.78 -1022.15 -1034.55 -1046.97 -1059.42 -1071.89 -1084.38 -1096.90 -1109.44 -1122.00 -1134.59 -1147.19 -1159.82 -1172.47 -1185.14 -1197.83 -1210.53 -1223.26 -1236.01 -1248.78 -1261.56 -1274.36 -1287.19 -1300.02 -1312.88 -1325.75 -1338.64 -1351.55 -1364.47 -1377.41 -1390.37 -1403.34 -1416.32 -1429.32 -1442.34 -1455.37 -1468.41
-655.57 -667.02 -678.52 -690.06 -701.64 -713.26 -724.93 -736.63 -748.36 -760.14 -771.95 -783.80 -795.68 -807.60 -819.55 -831.53 -843.55 -855.60 -867.68 -879.79 -891.93 -904.10 -916.30 -928.53 -940.79 -953.07 -965.39 -977.72 -990.09 -1002.48 -1014.89 -1027.33 -1039.80 -1052.29 -1064.80 -1077.33 -1089.89 -1102.47 -1115.07 -1127.70 -1140.34 -1153.01 -1165.70 -1178.40 -1191.13 -1203.87 -1216.64 -1229.42 -1242.22 -1255.05 -1267.88 -1280.74 -1293.61 -1306.50 -1319.41 -1332.33 -1345.27 -1358.23 -1371.20 -1384.19 -1397.19 -1410.21 -1423.24 -1436.29 -1449.35 -1462.43
-646.89 -658.41 -669.96 -681.56 -693.19 -704.87 -716.59 -728.34 -740.13 -751.96 -763.82 -775.72 -787.66 -799.62 -811.63 -823.66 -835.73 -847.82 -859.95 -872.11 -884.30 -896.52 -908.76 -921.04 -933.34 -945.67 -958.03 -970.41 -982.82 -995.25 -1007.71 -1020.19 -1032.70 -1045.23 -1057.78 -1070.36 -1082.96 -1095.58 -1108.22 -1120.88 -1133.57 -1146.27 -1158.99 -1171.74 -1184.50 -1197.28 -1210.09 -1222.91 -1235.74 -1248.60 -1261.47 -1274.36 -1287.27 -1300.20 -1313.14 -1326.10 -1339.07 -1352.06 -1365.06 -1378.08 -1391.12 -1404.17 -1417.23 -1430.31 -1443.40 -1456.51
-638.30 -649.87 -661.48 -673.13 -684.82 -696.56 -708.33 -720.13 -731.98 -743.86 -755.77 -767.72 -779.71 -791.73 -803.78 -815.86 -827.98 -840.12 -852.30 -864.51 -876.74 -889.01 -901.30 -913.62 -925.97 -938.34 -950.74 -963.17 -975.62 -988.10 -1000.60 -1013.12 -1025.67 -1038.24 -1050.84 -1063.46 -1076.09 -1088.75 -1101.43 -1114.14 -1126.86 -1139.60 -1152.36 -1165.15 -1177.95 -1190.77 -1203.60 -1216.46 -1229.33 -1242.22 -1255.13 -1268.06 -1281.00 -1293.96 -1306.93 -1319.93 -1332.93 -1345.95 -1358.99 -1372.04 -1385.11 -1398.19 -1411.28 -1424.39 -1437.52 -1450.65
-629.78 -641.41 -653.07 -664.78 -676.53 -688.32 -700.14 -712.00 -723.90 -735.83 -747.80 -759.80 -771.84 -783.91 -796.01 -808.14 -820.31 -832.50 -844.73 -856.98 -869.26 -881.57 -893.91 -906.28 -918.67 -931.09 -943.54 -956.01 -968.50 -981.02 -993.56 -1006.13 -1018.72 -1031.33 -1043.97 -1056.63 -1069.31 -1082.00 -1094.73 -1107.47 -1120.23 -1133.01 -1145.81 -1158.63 -1171.46 -1184.32 -1197.19 -1210.09 -1222.99 -1235.92 -1248.86 -1261.82 -1274.80 -1287.79 -1300.80 -1313.83 -1326.87 -1339.92 -1352.99 -1366.07 -1379.17 -1392.28 -1405.41 -1418.55 -1431.70 -1444.87
-621.34 -633.02 -644.75 -656.51 -668.32 -680.16 -692.03 -703.95 -715.90 -727.89 -739.91 -751.96 -764.05 -776.17 -788.32 -800.50 -812.71 -824.96 -837.23 -849.53 -861.86 -874.22 -886.60 -899.01 -911.45 -923.92 -936.41 -948.92 -961.46 -974.02 -986.61 -999.21 -1011.85 -1024.50 -1037.18 -1049.87 -1062.59 -1075.33 -1088.09 -1100.87 -1113.67 -1126.49 -1139.32 -1152.18 -1165.05 -1177.95 -1190.86 -1203.78 -1216.73 -1229.69 -1242.67 -1255.66 -1268.67 -1281.70 -1294.74 -1307.80 -1320.87 -1333.96 -1347.06 -1360.17 -1373.30 -1386.44 -1399.60 -1412.77 -1425.96 -1439.15
-612.98 -624.72 -636.50 -648.32 -660.18 -672.08 -684.01 -695.98 -707.98 -720.02 -732.09 -744.20 -756.33 -768.50 -780.70 -792.94 -805.20 -817.49 -829.81 -842.16 -854.54 -866.94 -879.37 -891.83 -904.31 -916.82 -929.35 -941.91 -954.49 -967.09 -979.72 -992.37 -1005.05 -1017.74 -1030.46 -1043.19 -1055.95 -1068.73 -1081.53 -1094.35 -1107.18 -1120.04 -1132.91 -1145.81 -1158.72 -1171.65 -1184.59 -1197.56 -1210.53 -1223.53 -1236.54 -1249.57 -1262.62 -1275.68 -1288.75 -1301.84 -1314.94 -1328.06 -1341.20 -1354.34 -1367.50 -1380.68 -1393.86 -1407.07 -1420.28 -1433.50
