batimetri/circular_island_bathymetry.asc
ncols         600
nrows         600
xllcorner     120.0
yllcorner     -5.0
cellsize      0.01666667
NODATA_value  -9999
[rows 60 to 89 of 600, columns 198 to 263 of 600]
-2418.14 -2412.00 -2405.91 -2399.88 -2393.90 -2387.97 -2382.09 -2376.26 -2370.49 -2364.77 -2359.11 -2353.50 -2347.94 -2342.44 -2336.99 -2331.60 -2326.26 -2320.97 -2315.75 -2310.57 -2305.46 -2300.39 -2295.39 -2290.44 -2285.55 -2280.71 -2275.94 -2271.21 -2266.55 -2261.95 -2257.40 -2252.91 -2248.48 -2244.10 -2239.79 -2235.53 -2231.33 -2227.20 -2223.12 -2219.10 -2215.14 -2211.24 -2207.40 -2203.62 -2199.91 -2196.25 -2192.65 -2189.12 -2185.64 -2182.23 -2178.88 -2175.59 -2172.36 -2169.19 -2166.09 -2163.05 -2160.07 -2157.15 -2154.29 -2151.50 -2148.77 -2146.11 -2143.51 -2140.97 -2138.49 -2136.08
-2403.60 -2397.44 -2391.33 -2385.27 -2379.27 -2373.32 -2367.42 -2361.57 -2355.78 -2350.04 -2344.36 -2338.72 -2333.15 -2327.62 -2322.16 -2316.74 -2311.38 -2306.08 -2300.83 -2295.64 -2290.50 -2285.42 -2280.40 -2275.43 -2270.52 -2265.67 -2260.87 -2256.13 -2251.45 -2246.83 -2242.26 -2237.76 -2233.31 -2228.92 -2224.58 -2220.31 -2216.10 -2211.95 -2207.85 -2203.82 -2199.84 -2195.93 -2192.07 -2188.28 -2184.55 -2180.88 -2177.26 -2173.71 -2170.23 -2166.80 -2163.43 -2160.13 -2156.89 -2153.71 -2150.59 -2147.54 -2144.55 -2141.62 -2138.75 -2135.95 -2133.21 -2130.53 -2127.92 -2125.37 -2122.89 -2120.46
-2389.07 -2382.88 -2376.75 -2370.68 -2364.65 -2358.68 -2352.76 -2346.89 -2341.08 -2335.32 -2329.61 -2323.96 -2318.36 -2312.82 -2307.33 -2301.89 -2296.52 -2291.19 -2285.93 -2280.71 -2275.56 -2270.46 -2265.42 -2260.43 -2255.50 -2250.63 -2245.81 -2241.06 -2236.36 -2231.72 -2227.13 -2222.61 -2218.14 -2213.74 -2209.39 -2205.10 -2200.87 -2196.70 -2192.59 -2188.54 -2184.55 -2180.62 -2176.75 -2172.94 -2169.19 -2165.51 -2161.88 -2158.32 -2154.81 -2151.37 -2147.99 -2144.68 -2141.42 -2138.23 -2135.10 -2132.03 -2129.03 -2126.09 -2123.21 -2120.40 -2117.65 -2114.96 -2112.34 -2109.78 -2107.28 -2104.85
-2374.54 -2368.34 -2362.19 -2356.09 -2350.04 -2344.05 -2338.10 -2332.22 -2326.38 -2320.60 -2314.87 -2309.20 -2303.58 -2298.02 -2292.51 -2287.05 -2281.66 -2276.31 -2271.03 -2265.79 -2260.62 -2255.50 -2250.44 -2245.43 -2240.49 -2235.60 -2230.76 -2225.99 -2221.27 -2216.61 -2212.01 -2207.47 -2202.98 -2198.56 -2194.19 -2189.89 -2185.64 -2181.46 -2177.33 -2173.26 -2169.26 -2165.31 -2161.43 -2157.60 -2153.84 -2150.14 -2146.50 -2142.92 -2139.40 -2135.95 -2132.56 -2129.23 -2125.96 -2122.75 -2119.61 -2116.53 -2113.52 -2110.56 -2107.67 -2104.85 -2102.09 -2099.39 -2096.75 -2094.18 -2091.68 -2089.24
-2360.03 -2353.81 -2347.63 -2341.51 -2335.44 -2329.42 -2323.46 -2317.55 -2311.69 -2305.89 -2300.14 -2294.45 -2288.81 -2283.23 -2277.70 -2272.22 -2266.80 -2261.44 -2256.13 -2250.88 -2245.69 -2240.55 -2235.47 -2230.44 -2225.48 -2220.57 -2215.72 -2210.92 -2206.19 -2201.51 -2196.89 -2192.33 -2187.83 -2183.39 -2179.01 -2174.68 -2170.42 -2166.22 -2162.07 -2157.99 -2153.97 -2150.01 -2146.11 -2142.27 -2138.49 -2134.78 -2131.12 -2127.53 -2124.00 -2120.53 -2117.12 -2113.78 -2110.50 -2107.28 -2104.13 -2101.03 -2098.01 -2095.04 -2092.14 -2089.30 -2086.53 -2083.82 -2081.17 -2078.59 -2076.08 -2073.62
-2345.53 -2339.28 -2333.08 -2326.94 -2320.85 -2314.81 -2308.83 -2302.89 -2297.02 -2291.19 -2285.42 -2279.71 -2274.05 -2268.44 -2262.89 -2257.40 -2251.96 -2246.57 -2241.25 -2235.98 -2230.76 -2225.60 -2220.50 -2215.46 -2210.47 -2205.55 -2200.68 -2195.86 -2191.11 -2186.41 -2181.78 -2177.20 -2172.68 -2168.22 -2163.82 -2159.48 -2155.20 -2150.98 -2146.82 -2142.72 -2138.69 -2134.71 -2130.79 -2126.94 -2123.15 -2119.42 -2115.75 -2112.14 -2108.59 -2105.11 -2101.69 -2098.33 -2095.04 -2091.81 -2088.64 -2085.54 -2082.50 -2079.52 -2076.61 -2073.76 -2070.97 -2068.25 -2065.59 -2063.00 -2060.48 -2058.01
-2331.04 -2324.77 -2318.55 -2312.38 -2306.27 -2300.21 -2294.20 -2288.25 -2282.35 -2276.50 -2270.71 -2264.97 -2259.29 -2253.67 -2248.10 -2242.58 -2237.12 -2231.72 -2226.37 -2221.08 -2215.84 -2210.67 -2205.55 -2200.48 -2195.48 -2190.53 -2185.64 -2180.81 -2176.04 -2171.32 -2166.67 -2162.07 -2157.54 -2153.06 -2148.64 -2144.29 -2139.99 -2135.75 -2131.58 -2127.46 -2123.41 -2119.42 -2115.48 -2111.61 -2107.81 -2104.06 -2100.38 -2096.75 -2093.19 -2089.70 -2086.26 -2082.89 -2079.58 -2076.34 -2073.16 -2070.04 -2066.99 -2064.00 -2061.07 -2058.21 -2055.42 -2052.68 -2050.02 -2047.41 -2044.88 -2042.40
-2316.55 -2310.26 -2304.02 -2297.83 -2291.69 -2285.61 -2279.58 -2273.61 -2267.69 -2261.82 -2256.01 -2250.25 -2244.55 -2238.90 -2233.31 -2227.77 -2222.29 -2216.87 -2211.50 -2206.19 -2200.93 -2195.74 -2190.60 -2185.51 -2180.49 -2175.52 -2170.61 -2165.76 -2160.97 -2156.24 -2151.57 -2146.95 -2142.40 -2137.90 -2133.47 -2129.10 -2124.78 -2120.53 -2116.34 -2112.20 -2108.13 -2104.13 -2100.18 -2096.29 -2092.47 -2088.71 -2085.01 -2081.37 -2077.80 -2074.29 -2070.84 -2067.45 -2064.13 -2060.87 -2057.68 -2054.55 -2051.48 -2048.48 -2045.55 -2042.67 -2039.86 -2037.12 -2034.44 -2031.83 -2029.28 -2026.80
-2302.08 -2295.76 -2289.50 -2283.29 -2277.13 -2271.03 -2264.97 -2258.98 -2253.03 -2247.15 -2241.31 -2235.53 -2229.81 -2224.14 -2218.53 -2212.97 -2207.47 -2202.02 -2196.63 -2191.30 -2186.03 -2180.81 -2175.65 -2170.55 -2165.51 -2160.52 -2155.59 -2150.72 -2145.91 -2141.16 -2136.47 -2131.84 -2127.27 -2122.75 -2118.30 -2113.91 -2109.58 -2105.31 -2101.10 -2096.95 -2092.86 -2088.84 -2084.88 -2080.97 -2077.14 -2073.36 -2069.64 -2065.99 -2062.40 -2058.88 -2055.42 -2052.02 -2048.68 -2045.41 -2042.20 -2039.06 -2035.98 -2032.97 -2030.02 -2027.13 -2024.31 -2021.56 -2018.87 -2016.24 -2013.69 -2011.19
-2287.62 -2281.28 -2274.99 -2268.76 -2262.58 -2256.45 -2250.38 -2244.36 -2238.39 -2232.48 -2226.62 -2220.82 -2215.08 -2209.39 -2203.75 -2198.17 -2192.65 -2187.19 -2181.78 -2176.43 -2171.13 -2165.89 -2160.71 -2155.59 -2150.53 -2145.52 -2140.58 -2135.69 -2130.86 -2126.09 -2121.38 -2116.73 -2112.14 -2107.61 -2103.14 -2098.73 -2094.38 -2090.09 -2085.87 -2081.70 -2077.60 -2073.56 -2069.58 -2065.66 -2061.81 -2058.01 -2054.28 -2050.62 -2047.01 -2043.47 -2040.00 -2036.59 -2033.24 -2029.95 -2026.73 -2023.57 -2020.48 -2017.46 -2014.49 -2011.60 -2008.77 -2006.00 -2003.30 -2000.66 -1998.09 -1995.59
-2273.17 -2266.80 -2260.49 -2254.24 -2248.03 -2241.88 -2235.79 -2229.74 -2223.76 -2217.82 -2211.95 -2206.12 -2200.36 -2194.64 -2188.99 -2183.39 -2177.84 -2172.36 -2166.93 -2161.56 -2156.24 -2150.98 -2145.78 -2140.64 -2135.56 -2130.53 -2125.57 -2120.66 -2115.81 -2111.02 -2106.29 -2101.63 -2097.02 -2092.47 -2087.98 -2083.55 -2079.19 -2074.88 -2070.64 -2066.46 -2062.34 -2058.28 -2054.28 -2050.35 -2046.48 -2042.67 -2038.93 -2035.25 -2031.63 -2028.07 -2024.58 -2021.16 -2017.79 -2014.49 -2011.26 -2008.09 -2004.99 -2001.95 -1998.97 -1996.06 -1993.22 -1990.44 -1987.73 -1985.08 -1982.50 -1979.99
-2258.72 -2252.34 -2246.00 -2239.72 -2233.50 -2227.32 -2221.21 -2215.14 -2209.13 -2203.18 -2197.28 -2191.43 -2185.64 -2179.91 -2174.23 -2168.61 -2163.05 -2157.54 -2152.09 -2146.69 -2141.36 -2136.08 -2130.86 -2125.70 -2120.59 -2115.55 -2110.56 -2105.64 -2100.77 -2095.96 -2091.22 -2086.53 -2081.90 -2077.33 -2072.83 -2068.38 -2064.00 -2059.68 -2055.42 -2051.22 -2047.08 -2043.01 -2038.99 -2035.04 -2031.16 -2027.33 -2023.57 -2019.88 -2016.24 -2012.68 -2009.17 -2005.73 -2002.35 -1999.04 -1995.79 -1992.61 -1989.49 -1986.44 -1983.45 -1980.53 -1977.67 -1974.88 -1972.16 -1969.50 -1966.91 -1964.39
-2244.29 -2237.88 -2231.53 -2225.22 -2218.97 -2212.78 -2206.63 -2200.55 -2194.52 -2188.54 -2182.62 -2176.75 -2170.94 -2165.18 -2159.48 -2153.84 -2148.25 -2142.72 -2137.25 -2131.84 -2126.48 -2121.18 -2115.94 -2110.76 -2105.64 -2100.57 -2095.57 -2090.62 -2085.73 -2080.91 -2076.14 -2071.44 -2066.79 -2062.20 -2057.68 -2053.22 -2048.82 -2044.48 -2040.20 -2035.98 -2031.83 -2027.74 -2023.71 -2019.74 -2015.84 -2012.00 -2008.23 -2004.51 -2000.87 -1997.28 -1993.76 -1990.31 -1986.91 -1983.59 -1980.33 -1977.13 -1974.00 -1970.93 -1967.93 -1965.00 -1962.13 -1959.33 -1956.60 -1953.93 -1951.32 -1948.79
-2229.87 -2223.44 -2217.06 -2210.73 -2204.46 -2198.24 -2192.07 -2185.96 -2179.91 -2173.91 -2167.96 -2162.07 -2156.24 -2150.46 -2144.74 -2139.08 -2133.47 -2127.92 -2122.43 -2116.99 -2111.61 -2106.29 -2101.03 -2095.83 -2090.69 -2085.60 -2080.58 -2075.61 -2070.71 -2065.86 -2061.07 -2056.35 -2051.68 -2047.08 -2042.54 -2038.06 -2033.64 -2029.28 -2024.99 -2020.75 -2016.58 -2012.47 -2008.43 -2004.45 -2000.53 -1996.67 -1992.88 -1989.15 -1985.49 -1981.89 -1978.35 -1974.88 -1971.48 -1968.14 -1964.86 -1961.65 -1958.51 -1955.43 -1952.42 -1949.47 -1946.59 -1943.78 -1941.03 -1938.35 -1935.74 -1933.19
-2215.46 -2209.00 -2202.60 -2196.25 -2189.95 -2183.71 -2177.52 -2171.39 -2165.31 -2159.29 -2153.32 -2147.41 -2141.55 -2135.75 -2130.01 -2124.32 -2118.70 -2113.12 -2107.61 -2102.15 -2096.75 -2091.41 -2086.13 -2080.91 -2075.74 -2070.64 -2065.59 -2060.61 -2055.68 -2050.82 -2046.01 -2041.27 -2036.59 -2031.96 -2027.40 -2022.90 -2018.47 -2014.09 -2009.78 -2005.53 -2001.34 -1997.21 -1993.15 -1989.15 -1985.22 -1981.35 -1977.54 -1973.80 -1970.12 -1966.50 -1962.95 -1959.47 -1956.05 -1952.69 -1949.40 -1946.18 -1943.02 -1939.93 -1936.91 -1933.95 -1931.06 -1928.23 -1925.47 -1922.78 -1920.15 -1917.60
-2201.06 -2194.58 -2188.15 -2181.78 -2175.46 -2169.19 -2162.98 -2156.82 -2150.72 -2144.68 -2138.69 -2132.75 -2126.87 -2121.05 -2115.29 -2109.58 -2103.93 -2098.33 -2092.80 -2087.32 -2081.90 -2076.54 -2071.24 -2065.99 -2060.81 -2055.68 -2050.62 -2045.61 -2040.67 -2035.78 -2030.96 -2026.19 -2021.49 -2016.85 -2012.27 -2007.75 -2003.30 -1998.90 -1994.57 -1990.31 -1986.10 -1981.96 -1977.88 -1973.86 -1969.91 -1966.02 -1962.20 -1958.44 -1954.75 -1951.12 -1947.55 -1944.05 -1940.62 -1937.25 -1933.95 -1930.71 -1927.54 -1924.44 -1921.40 -1918.43 -1915.52 -1912.68 -1909.91 -1907.21 -1904.57 -1902.00
-2186.67 -2180.17 -2173.71 -2167.32 -2160.97 -2154.68 -2148.45 -2142.27 -2136.14 -2130.08 -2124.06 -2118.11 -2112.20 -2106.36 -2100.57 -2094.84 -2089.17 -2083.55 -2078.00 -2072.50 -2067.06 -2061.67 -2056.35 -2051.08 -2045.88 -2040.73 -2035.65 -2030.62 -2025.66 -2020.75 -2015.91 -2011.13 -2006.40 -2001.74 -1997.15 -1992.61 -1988.14 -1983.72 -1979.37 -1975.09 -1970.87 -1966.71 -1962.61 -1958.58 -1954.61 -1950.71 -1946.87 -1943.09 -1939.38 -1935.74 -1932.16 -1928.64 -1925.19 -1921.81 -1918.49 -1915.24 -1912.06 -1908.94 -1905.89 -1902.90 -1899.99 -1897.14 -1894.35 -1891.64 -1888.99 -1886.41
-2172.29 -2165.76 -2159.29 -2152.87 -2146.50 -2140.19 -2133.93 -2127.72 -2121.58 -2115.48 -2109.45 -2103.47 -2097.54 -2091.68 -2085.87 -2080.11 -2074.42 -2068.78 -2063.20 -2057.68 -2052.22 -2046.81 -2041.47 -2036.18 -2030.96 -2025.79 -2020.68 -2015.64 -2010.65 -2005.73 -2000.87 -1996.06 -1991.32 -1986.64 -1982.03 -1977.47 -1972.98 -1968.55 -1964.18 -1959.88 -1955.64 -1951.46 -1947.35 -1943.30 -1939.31 -1935.39 -1931.54 -1927.75 -1924.02 -1920.36 -1916.77 -1913.24 -1909.77 -1906.38 -1903.04 -1899.78 -1896.58 -1893.45 -1890.38 -1887.39 -1884.46 -1881.59 -1878.80 -1876.07 -1873.41 -1870.82
-2157.93 -2151.37 -2144.87 -2138.43 -2132.03 -2125.70 -2119.42 -2113.19 -2107.02 -2100.90 -2094.84 -2088.84 -2082.89 -2077.00 -2071.17 -2065.39 -2059.68 -2054.02 -2048.42 -2042.87 -2037.39 -2031.96 -2026.60 -2021.29 -2016.04 -2010.86 -2005.73 -2000.66 -1995.66 -1990.71 -1985.83 -1981.01 -1976.25 -1971.55 -1966.91 -1962.34 -1957.83 -1953.38 -1948.99 -1944.67 -1940.41 -1936.22 -1932.09 -1928.02 -1924.02 -1920.08 -1916.21 -1912.41 -1908.66 -1904.99 -1901.38 -1897.83 -1894.35 -1890.94 -1887.60 -1884.32 -1881.10 -1877.96 -1874.88 -1871.87 -1868.93 -1866.05 -1863.25 -1860.51 -1857.84 -1855.23
-2143.57 -2136.99 -2130.47 -2124.00 -2117.58 -2111.22 -2104.91 -2098.66 -2092.47 -2086.33 -2080.25 -2074.22 -2068.25 -2062.34 -2056.48 -2050.68 -2044.94 -2039.26 -2033.64 -2028.07 -2022.57 -2017.12 -2011.73 -2006.40 -2001.14 -1995.93 -1990.78 -1985.69 -1980.67 -1975.70 -1970.80 -1965.96 -1961.18 -1956.46 -1951.80 -1947.21 -1942.68 -1938.21 -1933.81 -1929.47 -1925.19 -1920.98 -1916.83 -1912.75 -1908.73 -1904.78 -1900.89 -1897.07 -1893.31 -1889.62 -1885.99 -1882.43 -1878.94 -1875.51 -1872.15 -1868.86 -1865.63 -1862.47 -1859.38 -1856.36 -1853.40 -1850.51 -1847.69 -1844.94 -1842.26 -1839.65
-2129.23 -2122.62 -2116.07 -2109.58 -2103.14 -2096.75 -2090.42 -2084.15 -2077.93 -2071.77 -2065.66 -2059.61 -2053.62 -2047.68 -2041.80 -2035.98 -2030.22 -2024.52 -2018.87 -2013.28 -2007.75 -2002.28 -1996.87 -1991.53 -1986.24 -1981.01 -1975.84 -1970.73 -1965.68 -1960.70 -1955.77 -1950.91 -1946.11 -1941.38 -1936.70 -1932.09 -1927.54 -1923.05 -1918.63 -1914.27 -1909.98 -1905.75 -1901.59 -1897.48 -1893.45 -1889.48 -1885.57 -1881.73 -1877.96 -1874.25 -1870.61 -1867.04 -1863.53 -1860.08 -1856.71 -1853.40 -1850.16 -1846.99 -1843.88 -1840.85 -1837.88 -1834.98 -1832.15 -1829.38 -1826.69 -1824.06
-2114.89 -2108.27 -2101.69 -2095.17 -2088.71 -2082.30 -2075.94 -2069.64 -2063.40 -2057.21 -2051.08 -2045.01 -2038.99 -2033.04 -2027.13 -2021.29 -2015.50 -2009.78 -2004.11 -1998.50 -1992.95 -1987.46 -1982.03 -1976.65 -1971.34 -1966.09 -1960.90 -1955.77 -1950.71 -1945.70 -1940.76 -1935.88 -1931.06 -1926.30 -1921.60 -1916.97 -1912.41 -1907.90 -1903.46 -1899.08 -1894.77 -1890.52 -1886.34 -1882.22 -1878.17 -1874.18 -1870.26 -1866.40 -1862.61 -1858.89 -1855.23 -1851.64 -1848.12 -1844.66 -1841.27 -1837.95 -1834.70 -1831.51 -1828.39 -1825.34 -1822.36 -1819.44 -1816.60 -1813.82 -1811.12 -1808.48
-2100.57 -2093.92 -2087.32 -2080.78 -2074.29 -2067.85 -2061.47 -2055.15 -2048.88 -2042.67 -2036.52 -2030.42 -2024.38 -2018.40 -2012.47 -2006.61 -2000.80 -1995.05 -1989.36 -1983.72 -1978.15 -1972.64 -1967.18 -1961.79 -1956.46 -1951.19 -1945.98 -1940.83 -1935.74 -1930.71 -1925.75 -1920.84 -1916.00 -1911.23 -1906.51 -1901.86 -1897.28 -1892.75 -1888.29 -1883.90 -1879.57 -1875.30 -1871.10 -1866.96 -1862.89 -1858.89 -1854.95 -1851.08 -1847.27 -1843.53 -1839.86 -1836.25 -1832.71 -1829.24 -1825.84 -1822.50 -1819.23 -1816.03 -1812.90 -1809.83 -1806.84 -1803.91 -1801.06 -1798.27 -1795.55 -1792.90
-2086.26 -2079.58 -2072.96 -2066.39 -2059.88 -2053.42 -2047.01 -2040.67 -2034.38 -2028.14 -2021.96 -2015.84 -2009.78 -2003.77 -1997.82 -1991.93 -1986.10 -1980.33 -1974.61 -1968.96 -1963.36 -1957.83 -1952.35 -1946.94 -1941.58 -1936.29 -1931.06 -1925.88 -1920.78 -1915.73 -1910.74 -1905.82 -1900.96 -1896.16 -1891.43 -1886.76 -1882.15 -1877.61 -1873.13 -1868.72 -1864.37 -1860.08 -1855.87 -1851.71 -1847.62 -1843.60 -1839.65 -1835.76 -1831.93 -1828.18 -1824.49 -1820.87 -1817.31 -1813.82 -1810.40 -1807.05 -1803.77 -1800.56 -1797.41 -1794.33 -1791.32 -1788.38 -1785.51 -1782.71 -1779.98 -1777.32
-2071.97 -2065.26 -2058.61 -2052.02 -2045.48 -2038.99 -2032.57 -2026.19 -2019.88 -2013.62 -2007.42 -2001.27 -1995.18 -1989.15 -1983.18 -1977.27 -1971.41 -1965.62 -1959.88 -1954.20 -1948.58 -1943.02 -1937.53 -1932.09 -1926.71 -1921.40 -1916.14 -1910.95 -1905.82 -1900.75 -1895.75 -1890.80 -1885.92 -1881.10 -1876.35 -1871.66 -1867.04 -1862.47 -1857.98 -1853.54 -1849.18 -1844.87 -1840.64 -1836.46 -1832.36 -1828.32 -1824.35 -1820.44 -1816.60 -1812.83 -1809.12 -1805.48 -1801.91 -1798.41 -1794.98 -1791.61 -1788.31 -1785.08 -1781.92 -1778.83 -1775.81 -1772.86 -1769.97 -1767.16 -1764.42 -1761.74
-2057.68 -2050.95 -2044.28 -2037.66 -2031.09 -2024.58 -2018.13 -2011.73 -2005.39 -1999.11 -1992.88 -1986.71 -1980.60 -1974.54 -1968.55 -1962.61 -1956.73 -1950.91 -1945.15 -1939.45 -1933.81 -1928.23 -1922.71 -1917.25 -1911.85 -1906.51 -1901.24 -1896.02 -1890.87 -1885.78 -1880.76 -1875.79 -1870.89 -1866.05 -1861.28 -1856.57 -1851.92 -1847.34 -1842.83 -1838.37 -1833.99 -1829.67 -1825.41 -1821.22 -1817.10 -1813.04 -1809.05 -1805.13 -1801.27 -1797.48 -1793.76 -1790.10 -1786.52 -1783.00 -1779.55 -1776.17 -1772.86 -1769.61 -1766.44 -1763.33 -1760.30 -1757.33 -1754.44 -1751.61 -1748.86 -1746.17
-2043.41 -2036.65 -2029.95 -2023.31 -2016.72 -2010.18 -2003.70 -1997.28 -1990.92 -1984.61 -1978.35 -1972.16 -1966.02 -1959.95 -1953.93 -1947.96 -1942.06 -1936.22 -1930.44 -1924.71 -1919.05 -1913.44 -1907.90 -1902.42 -1897.00 -1891.64 -1886.34 -1881.10 -1875.93 -1870.82 -1865.77 -1860.79 -1855.87 -1851.01 -1846.21 -1841.48 -1836.82 -1832.22 -1827.68 -1823.21 -1818.80 -1814.46 -1810.19 -1805.98 -1801.84 -1797.77 -1793.76 -1789.82 -1785.94 -1782.14 -1778.40 -1774.73 -1771.13 -1767.59 -1764.13 -1760.73 -1757.40 -1754.15 -1750.96 -1747.84 -1744.79 -1741.81 -1738.90 -1736.06 -1733.29 -1730.60
-2029.15 -2022.37 -2015.64 -2008.97 -2002.35 -1995.79 -1989.29 -1982.84 -1976.45 -1970.12 -1963.84 -1957.62 -1951.46 -1945.36 -1939.31 -1933.33 -1927.40 -1921.54 -1915.73 -1909.98 -1904.29 -1898.67 -1893.10 -1887.60 -1882.15 -1876.77 -1871.45 -1866.19 -1861.00 -1855.87 -1850.80 -1845.79 -1840.85 -1835.97 -1831.15 -1826.40 -1821.72 -1817.10 -1812.54 -1808.05 -1803.63 -1799.27 -1794.98 -1790.75 -1786.59 -1782.50 -1778.47 -1774.51 -1770.62 -1766.80 -1763.04 -1759.36 -1755.74 -1752.19 -1748.71 -1745.30 -1741.96 -1738.68 -1735.48 -1732.35 -1729.28 -1726.29 -1723.37 -1720.52 -1717.74 -1715.03
-2014.90 -2008.09 -2001.34 -1994.64 -1988.00 -1981.41 -1974.88 -1968.41 -1962.00 -1955.64 -1949.34 -1943.09 -1936.91 -1930.78 -1924.71 -1918.70 -1912.75 -1906.86 -1901.03 -1895.26 -1889.55 -1883.90 -1878.31 -1872.78 -1867.32 -1861.91 -1856.57 -1851.29 -1846.07 -1840.92 -1835.83 -1830.80 -1825.84 -1820.94 -1816.10 -1811.33 -1806.63 -1801.98 -1797.41 -1792.90 -1788.46 -1784.08 -1779.77 -1775.52 -1771.34 -1767.23 -1763.19 -1759.21 -1755.31 -1751.47 -1747.69 -1743.99 -1740.36 -1736.79 -1733.29 -1729.87 -1726.51 -1723.22 -1720.01 -1716.86 -1713.78 -1710.77 -1707.84 -1704.97 -1702.18 -1699.46
-2000.66 -1993.83 -1987.05 -1980.33 -1973.66 -1967.05 -1960.49 -1953.99 -1947.55 -1941.17 -1934.84 -1928.57 -1922.36 -1916.21 -1910.12 -1904.09 -1898.11 -1892.20 -1886.34 -1880.55 -1874.81 -1869.14 -1863.53 -1857.98 -1852.49 -1847.06 -1841.70 -1836.39 -1831.15 -1825.98 -1820.87 -1815.82 -1810.83 -1805.91 -1801.06 -1796.26 -1791.54 -1786.88 -1782.28 -1777.75 -1773.29 -1768.89 -1764.56 -1760.30 -1756.10 -1751.97 -1747.91 -1743.92 -1739.99 -1736.14 -1732.35 -1728.63 -1724.98 -1721.40 -1717.88 -1714.44 -1711.07 -1707.77 -1704.53 -1701.37 -1698.28 -1695.26 -1692.31 -1689.43 -1686.63 -1683.89
