batimetri/circular_island_bathymetry_2.asc
ncols         600
nrows         600
xllcorner     120.0
yllcorner     -5.0
cellsize      0.01666667
NODATA_value  -9999
[rows 261 to 289 of 600, columns 462 to 527 of 600]
-1312.36 -1326.35 -1340.34 -1354.34 -1368.34 -1382.35 -1396.36 -1410.38 -1424.39 -1438.42 -1452.44 -1466.47 -1480.51 -1494.54 -1508.59 -1522.63 -1536.68 -1550.73 -1564.79 -1578.85 -1592.91 -1606.97 -1621.04 -1635.11 -1649.19 -1663.27 -1677.35 -1691.43 -1705.52 -1719.61 -1733.70 -1747.80 -1761.90 -1776.00 -1790.10 -1804.21 -1818.32 -1832.43 -1846.55 -1860.66 -1874.78 -1888.90 -1903.03 -1917.15 -1931.28 -1945.41 -1959.55 -1973.68 -1987.82 -2001.96 -2016.10 -2030.25 -2044.39 -2058.54 -2072.69 -2086.84 -2101.00 -2115.16 -2129.31 -2143.47 -2157.64 -2171.80 -2185.97 -2200.13 -2214.30 -2228.47
-1309.09 -1323.10 -1337.11 -1351.13 -1365.15 -1379.17 -1393.20 -1407.23 -1421.27 -1435.31 -1449.35 -1463.40 -1477.45 -1491.50 -1505.56 -1519.62 -1533.69 -1547.75 -1561.83 -1575.90 -1589.98 -1604.06 -1618.14 -1632.23 -1646.32 -1660.41 -1674.51 -1688.61 -1702.71 -1716.81 -1730.92 -1745.03 -1759.14 -1773.26 -1787.37 -1801.49 -1815.62 -1829.74 -1843.87 -1858.00 -1872.13 -1886.26 -1900.40 -1914.54 -1928.68 -1942.82 -1956.97 -1971.12 -1985.27 -1999.42 -2013.57 -2027.73 -2041.89 -2056.05 -2070.21 -2084.37 -2098.54 -2112.70 -2126.87 -2141.04 -2155.22 -2169.39 -2183.57 -2197.75 -2211.92 -2226.11
-1305.90 -1319.93 -1333.96 -1347.99 -1362.03 -1376.07 -1390.12 -1404.17 -1418.22 -1432.28 -1446.34 -1460.40 -1474.47 -1488.54 -1502.61 -1516.69 -1530.77 -1544.85 -1558.94 -1573.03 -1587.12 -1601.22 -1615.32 -1629.42 -1643.52 -1657.63 -1671.74 -1685.85 -1699.97 -1714.09 -1728.21 -1742.33 -1756.46 -1770.58 -1784.71 -1798.85 -1812.98 -1827.12 -1841.26 -1855.40 -1869.55 -1883.69 -1897.84 -1911.99 -1926.15 -1940.30 -1954.46 -1968.62 -1982.78 -1996.94 -2011.11 -2025.27 -2039.44 -2053.61 -2067.79 -2081.96 -2096.14 -2110.31 -2124.49 -2138.68 -2152.86 -2167.04 -2181.23 -2195.42 -2209.61 -2223.80
-1302.79 -1316.83 -1330.88 -1344.93 -1358.99 -1373.05 -1387.11 -1401.18 -1415.25 -1429.32 -1443.40 -1457.48 -1471.56 -1485.65 -1499.74 -1513.83 -1527.93 -1542.03 -1556.13 -1570.23 -1584.34 -1598.45 -1612.56 -1626.68 -1640.80 -1654.92 -1669.04 -1683.17 -1697.30 -1711.43 -1725.56 -1739.70 -1753.84 -1767.98 -1782.12 -1796.27 -1810.42 -1824.57 -1838.72 -1852.87 -1867.03 -1881.19 -1895.35 -1909.51 -1923.68 -1937.84 -1952.01 -1966.18 -1980.36 -1994.53 -2008.71 -2022.88 -2037.06 -2051.25 -2065.43 -2079.61 -2093.80 -2107.99 -2122.18 -2136.37 -2150.56 -2164.76 -2178.95 -2193.15 -2207.35 -2221.55
-1299.76 -1313.83 -1327.89 -1341.96 -1356.03 -1370.11 -1384.19 -1398.27 -1412.36 -1426.45 -1440.54 -1454.64 -1468.74 -1482.84 -1496.94 -1511.05 -1525.16 -1539.28 -1553.39 -1567.51 -1581.63 -1595.76 -1609.89 -1624.02 -1638.15 -1652.28 -1666.42 -1680.56 -1694.70 -1708.85 -1722.99 -1737.14 -1751.29 -1765.45 -1779.60 -1793.76 -1807.92 -1822.08 -1836.25 -1850.41 -1864.58 -1878.75 -1892.93 -1907.10 -1921.28 -1935.45 -1949.63 -1963.82 -1978.00 -1992.18 -2006.37 -2020.56 -2034.75 -2048.94 -2063.13 -2077.33 -2091.53 -2105.73 -2119.92 -2134.13 -2148.33 -2162.53 -2176.74 -2190.95 -2205.16 -2219.37
-1296.82 -1310.90 -1324.98 -1339.07 -1353.16 -1367.25 -1381.35 -1395.45 -1409.55 -1423.65 -1437.76 -1451.87 -1465.99 -1480.10 -1494.22 -1508.35 -1522.47 -1536.60 -1550.73 -1564.87 -1579.00 -1593.14 -1607.28 -1621.42 -1635.57 -1649.72 -1663.87 -1678.02 -1692.18 -1706.33 -1720.49 -1734.66 -1748.82 -1762.99 -1777.15 -1791.32 -1805.50 -1819.67 -1833.85 -1848.02 -1862.20 -1876.38 -1890.57 -1904.75 -1918.94 -1933.13 -1947.32 -1961.51 -1975.71 -1989.90 -2004.10 -2018.30 -2032.50 -2046.70 -2060.90 -2075.11 -2089.32 -2103.52 -2117.73 -2131.95 -2146.16 -2160.37 -2174.59 -2188.80 -2203.02 -2217.24
-1293.96 -1308.06 -1322.16 -1336.26 -1350.36 -1364.47 -1378.58 -1392.70 -1406.82 -1420.94 -1435.06 -1449.19 -1463.32 -1477.45 -1491.58 -1505.72 -1519.86 -1534.00 -1548.15 -1562.29 -1576.44 -1590.60 -1604.75 -1618.91 -1633.07 -1647.23 -1661.39 -1675.56 -1689.72 -1703.89 -1718.07 -1732.24 -1746.41 -1760.59 -1774.77 -1788.95 -1803.14 -1817.32 -1831.51 -1845.70 -1859.89 -1874.08 -1888.28 -1902.47 -1916.67 -1930.87 -1945.07 -1959.28 -1973.48 -1987.69 -2001.89 -2016.10 -2030.31 -2044.53 -2058.74 -2072.95 -2087.17 -2101.39 -2115.61 -2129.83 -2144.05 -2158.27 -2172.50 -2186.72 -2200.95 -2215.18
-1291.18 -1305.30 -1319.41 -1333.53 -1347.65 -1361.78 -1375.90 -1390.03 -1404.17 -1418.30 -1432.44 -1446.58 -1460.72 -1474.87 -1489.02 -1503.17 -1517.32 -1531.48 -1545.64 -1559.80 -1573.96 -1588.13 -1602.29 -1616.46 -1630.63 -1644.81 -1658.98 -1673.16 -1687.34 -1701.52 -1715.71 -1729.89 -1744.08 -1758.27 -1772.46 -1786.66 -1800.85 -1815.05 -1829.25 -1843.45 -1857.65 -1871.85 -1886.06 -1900.26 -1914.47 -1928.68 -1942.89 -1957.11 -1971.32 -1985.54 -1999.75 -2013.97 -2028.19 -2042.41 -2056.64 -2070.86 -2085.09 -2099.31 -2113.54 -2127.77 -2142.00 -2156.24 -2170.47 -2184.70 -2198.94 -2213.18
-1288.49 -1302.62 -1316.75 -1330.88 -1345.02 -1359.16 -1373.30 -1387.45 -1401.59 -1415.74 -1429.90 -1444.05 -1458.21 -1472.37 -1486.53 -1500.70 -1514.86 -1529.03 -1543.20 -1557.38 -1571.55 -1585.73 -1599.91 -1614.09 -1628.28 -1642.46 -1656.65 -1670.84 -1685.03 -1699.23 -1713.42 -1727.62 -1741.82 -1756.02 -1770.22 -1784.43 -1798.63 -1812.84 -1827.05 -1841.26 -1855.47 -1869.69 -1883.90 -1898.12 -1912.34 -1926.56 -1940.78 -1955.00 -1969.23 -1983.45 -1997.68 -2011.91 -2026.14 -2040.37 -2054.60 -2068.83 -2083.07 -2097.30 -2111.54 -2125.78 -2140.02 -2154.26 -2168.50 -2182.75 -2196.99 -2211.24
-1285.88 -1300.02 -1314.17 -1328.32 -1342.47 -1356.63 -1370.78 -1384.94 -1399.10 -1413.27 -1427.43 -1441.60 -1455.77 -1469.95 -1484.12 -1498.30 -1512.48 -1526.66 -1540.85 -1555.03 -1569.22 -1583.41 -1597.61 -1611.80 -1626.00 -1640.19 -1654.39 -1668.59 -1682.80 -1697.00 -1711.21 -1725.42 -1739.63 -1753.84 -1768.05 -1782.27 -1796.48 -1810.70 -1824.92 -1839.14 -1853.37 -1867.59 -1881.82 -1896.04 -1910.27 -1924.50 -1938.73 -1952.96 -1967.20 -1981.43 -1995.67 -2009.91 -2024.15 -2038.39 -2052.63 -2066.87 -2081.11 -2095.36 -2109.60 -2123.85 -2138.10 -2152.35 -2166.60 -2180.85 -2195.10 -2209.36
-1283.35 -1297.51 -1311.67 -1325.84 -1340.00 -1354.17 -1368.34 -1382.52 -1396.69 -1410.87 -1425.05 -1439.23 -1453.42 -1467.60 -1481.79 -1495.98 -1510.18 -1524.37 -1538.57 -1552.77 -1566.97 -1581.17 -1595.37 -1609.58 -1623.79 -1638.00 -1652.21 -1666.42 -1680.63 -1694.85 -1709.07 -1723.29 -1737.51 -1751.73 -1765.95 -1780.18 -1794.41 -1808.64 -1822.87 -1837.10 -1851.33 -1865.56 -1879.80 -1894.03 -1908.27 -1922.51 -1936.75 -1950.99 -1965.24 -1979.48 -1993.73 -2007.97 -2022.22 -2036.47 -2050.72 -2064.97 -2079.22 -2093.48 -2107.73 -2121.99 -2136.24 -2150.50 -2164.76 -2179.02 -2193.28 -2207.54
-1280.91 -1295.09 -1309.26 -1323.44 -1337.62 -1351.80 -1365.99 -1380.18 -1394.36 -1408.56 -1422.75 -1436.94 -1451.14 -1465.34 -1479.54 -1493.74 -1507.95 -1522.16 -1536.36 -1550.58 -1564.79 -1579.00 -1593.22 -1607.43 -1621.65 -1635.87 -1650.10 -1664.32 -1678.54 -1692.77 -1707.00 -1721.23 -1735.46 -1749.69 -1763.93 -1778.16 -1792.40 -1806.64 -1820.88 -1835.12 -1849.36 -1863.60 -1877.85 -1892.09 -1906.34 -1920.59 -1934.84 -1949.09 -1963.34 -1977.59 -1991.85 -2006.10 -2020.36 -2034.62 -2048.88 -2063.13 -2077.40 -2091.66 -2105.92 -2120.18 -2134.45 -2148.71 -2162.98 -2177.25 -2191.51 -2205.78
-1278.56 -1292.75 -1306.93 -1321.13 -1335.32 -1349.52 -1363.71 -1377.91 -1392.12 -1406.32 -1420.53 -1434.73 -1448.94 -1463.15 -1477.37 -1491.58 -1505.80 -1520.02 -1534.24 -1548.46 -1562.68 -1576.91 -1591.14 -1605.36 -1619.59 -1633.82 -1648.06 -1662.29 -1676.53 -1690.76 -1705.00 -1719.24 -1733.48 -1747.73 -1761.97 -1776.22 -1790.46 -1804.71 -1818.96 -1833.21 -1847.46 -1861.71 -1875.97 -1890.22 -1904.48 -1918.73 -1932.99 -1947.25 -1961.51 -1975.77 -1990.04 -2004.30 -2018.56 -2032.83 -2047.10 -2061.36 -2075.63 -2089.90 -2104.17 -2118.44 -2132.72 -2146.99 -2161.26 -2175.54 -2189.81 -2204.09
-1276.29 -1290.49 -1304.69 -1318.90 -1333.10 -1347.31 -1361.52 -1375.73 -1389.95 -1404.17 -1418.38 -1432.60 -1446.82 -1461.05 -1475.27 -1489.50 -1503.73 -1517.96 -1532.19 -1546.42 -1560.66 -1574.89 -1589.13 -1603.37 -1617.61 -1631.85 -1646.09 -1660.34 -1674.58 -1688.83 -1703.08 -1717.33 -1731.58 -1745.83 -1760.09 -1774.34 -1788.60 -1802.85 -1817.11 -1831.37 -1845.63 -1859.89 -1874.15 -1888.42 -1902.68 -1916.95 -1931.21 -1945.48 -1959.75 -1974.02 -1988.29 -2002.56 -2016.83 -2031.11 -2045.38 -2059.66 -2073.93 -2088.21 -2102.49 -2116.77 -2131.05 -2145.33 -2159.61 -2173.89 -2188.17 -2202.46
-1274.10 -1288.32 -1302.53 -1316.75 -1330.97 -1345.19 -1359.41 -1373.64 -1387.86 -1402.09 -1416.32 -1430.55 -1444.79 -1459.02 -1473.26 -1487.50 -1501.73 -1515.97 -1530.22 -1544.46 -1558.71 -1572.95 -1587.20 -1601.45 -1615.70 -1629.95 -1644.20 -1658.46 -1672.71 -1686.97 -1701.23 -1715.49 -1729.75 -1744.01 -1758.27 -1772.53 -1786.80 -1801.07 -1815.33 -1829.60 -1843.87 -1858.14 -1872.41 -1886.68 -1900.95 -1915.23 -1929.50 -1943.78 -1958.06 -1972.33 -1986.61 -2000.89 -2015.17 -2029.45 -2043.73 -2058.02 -2072.30 -2086.58 -2100.87 -2115.16 -2129.44 -2143.73 -2158.02 -2172.31 -2186.60 -2200.89
-1272.00 -1286.23 -1300.46 -1314.69 -1328.92 -1343.15 -1357.39 -1371.62 -1385.86 -1400.10 -1414.34 -1428.58 -1442.83 -1457.07 -1471.32 -1485.57 -1499.82 -1514.07 -1528.32 -1542.58 -1556.83 -1571.09 -1585.35 -1599.60 -1613.86 -1628.13 -1642.39 -1656.65 -1670.92 -1685.18 -1699.45 -1713.72 -1727.99 -1742.26 -1756.53 -1770.80 -1785.07 -1799.35 -1813.62 -1827.90 -1842.18 -1856.46 -1870.73 -1885.01 -1899.30 -1913.58 -1927.86 -1942.14 -1956.43 -1970.71 -1985.00 -1999.29 -2013.57 -2027.86 -2042.15 -2056.44 -2070.73 -2085.02 -2099.31 -2113.61 -2127.90 -2142.20 -2156.49 -2170.79 -2185.08 -2199.38
-1269.99 -1284.23 -1298.47 -1312.71 -1326.95 -1341.20 -1355.44 -1369.69 -1383.94 -1398.19 -1412.44 -1426.69 -1440.95 -1455.21 -1469.46 -1483.72 -1497.98 -1512.24 -1526.51 -1540.77 -1555.03 -1569.30 -1583.57 -1597.84 -1612.11 -1626.38 -1640.65 -1654.92 -1669.19 -1683.47 -1697.74 -1712.02 -1726.30 -1740.58 -1754.86 -1769.14 -1783.42 -1797.70 -1811.99 -1826.27 -1840.55 -1854.84 -1869.13 -1883.42 -1897.70 -1911.99 -1926.28 -1940.57 -1954.87 -1969.16 -1983.45 -1997.75 -2012.04 -2026.34 -2040.63 -2054.93 -2069.23 -2083.52 -2097.82 -2112.12 -2126.42 -2140.72 -2155.03 -2169.33 -2183.63 -2197.93
-1268.06 -1282.31 -1296.56 -1310.81 -1325.07 -1339.32 -1353.58 -1367.84 -1382.10 -1396.36 -1410.62 -1424.89 -1439.15 -1453.42 -1467.69 -1481.95 -1496.22 -1510.49 -1524.77 -1539.04 -1553.31 -1567.59 -1581.87 -1596.14 -1610.42 -1624.70 -1638.98 -1653.26 -1667.55 -1681.83 -1696.11 -1710.40 -1724.68 -1738.97 -1753.26 -1767.55 -1781.84 -1796.13 -1810.42 -1824.71 -1839.00 -1853.30 -1867.59 -1881.89 -1896.18 -1910.48 -1924.78 -1939.07 -1953.37 -1967.67 -1981.97 -1996.27 -2010.57 -2024.88 -2039.18 -2053.48 -2067.79 -2082.09 -2096.40 -2110.70 -2125.01 -2139.32 -2153.62 -2167.93 -2182.24 -2196.55
-1266.22 -1280.48 -1294.74 -1309.00 -1323.27 -1337.54 -1351.80 -1366.07 -1380.34 -1394.61 -1408.89 -1423.16 -1437.43 -1451.71 -1465.99 -1480.27 -1494.54 -1508.82 -1523.11 -1537.39 -1551.67 -1565.96 -1580.24 -1594.53 -1608.81 -1623.10 -1637.39 -1651.68 -1665.97 -1680.26 -1694.55 -1708.85 -1723.14 -1737.44 -1751.73 -1766.03 -1780.32 -1794.62 -1808.92 -1823.22 -1837.52 -1851.82 -1866.12 -1880.42 -1894.73 -1909.03 -1923.33 -1937.64 -1951.95 -1966.25 -1980.56 -1994.87 -2009.17 -2023.48 -2037.79 -2052.10 -2066.41 -2080.72 -2095.03 -2109.35 -2123.66 -2137.97 -2152.28 -2166.60 -2180.91 -2195.23
-1264.46 -1278.73 -1293.01 -1307.28 -1321.56 -1335.83 -1350.11 -1364.39 -1378.67 -1392.95 -1407.23 -1421.51 -1435.80 -1450.08 -1464.37 -1478.66 -1492.94 -1507.23 -1521.52 -1535.81 -1550.11 -1564.40 -1578.69 -1592.99 -1607.28 -1621.58 -1635.87 -1650.17 -1664.47 -1678.77 -1693.07 -1707.37 -1721.67 -1735.97 -1750.28 -1764.58 -1778.88 -1793.19 -1807.49 -1821.80 -1836.11 -1850.41 -1864.72 -1879.03 -1893.34 -1907.65 -1921.96 -1936.27 -1950.59 -1964.90 -1979.21 -1993.52 -2007.84 -2022.15 -2036.47 -2050.78 -2065.10 -2079.42 -2093.74 -2108.05 -2122.37 -2136.69 -2151.01 -2165.33 -2179.65 -2193.97
-1262.79 -1277.07 -1291.36 -1305.64 -1319.93 -1334.21 -1348.50 -1362.79 -1377.08 -1391.37 -1405.66 -1419.95 -1434.24 -1448.54 -1462.83 -1477.13 -1491.42 -1505.72 -1520.02 -1534.32 -1548.62 -1562.92 -1577.22 -1591.52 -1605.82 -1620.13 -1634.43 -1648.74 -1663.04 -1677.35 -1691.66 -1705.96 -1720.27 -1734.58 -1748.89 -1763.20 -1777.51 -1791.83 -1806.14 -1820.45 -1834.76 -1849.08 -1863.39 -1877.71 -1892.02 -1906.34 -1920.66 -1934.98 -1949.29 -1963.61 -1977.93 -1992.25 -2006.57 -2020.89 -2035.21 -2049.53 -2063.86 -2078.18 -2092.50 -2106.82 -2121.15 -2135.47 -2149.80 -2164.12 -2178.45 -2192.77
-1261.21 -1275.50 -1289.79 -1304.09 -1318.38 -1332.68 -1346.97 -1361.27 -1375.57 -1389.87 -1404.17 -1418.47 -1432.77 -1447.07 -1461.37 -1475.68 -1489.98 -1504.29 -1518.59 -1532.90 -1547.21 -1561.51 -1575.82 -1590.13 -1604.44 -1618.75 -1633.07 -1647.38 -1661.69 -1676.00 -1690.32 -1704.63 -1718.95 -1733.26 -1747.58 -1761.90 -1776.22 -1790.53 -1804.85 -1819.17 -1833.49 -1847.81 -1862.13 -1876.45 -1890.78 -1905.10 -1919.42 -1933.74 -1948.07 -1962.39 -1976.72 -1991.04 -2005.37 -2019.69 -2034.02 -2048.35 -2062.68 -2077.00 -2091.33 -2105.66 -2119.99 -2134.32 -2148.65 -2162.98 -2177.31 -2191.64
-1259.71 -1274.01 -1288.32 -1302.62 -1316.92 -1331.22 -1345.53 -1359.83 -1374.14 -1388.45 -1402.76 -1417.06 -1431.37 -1445.68 -1459.99 -1474.31 -1488.62 -1502.93 -1517.24 -1531.56 -1545.87 -1560.19 -1574.50 -1588.82 -1603.14 -1617.46 -1631.77 -1646.09 -1660.41 -1674.73 -1689.05 -1703.38 -1717.70 -1732.02 -1746.34 -1760.67 -1774.99 -1789.31 -1803.64 -1817.96 -1832.29 -1846.62 -1860.94 -1875.27 -1889.60 -1903.93 -1918.25 -1932.58 -1946.91 -1961.24 -1975.57 -1989.90 -2004.23 -2018.56 -2032.90 -2047.23 -2061.56 -2075.89 -2090.23 -2104.56 -2118.89 -2133.23 -2147.56 -2161.90 -2176.23 -2190.57
-1258.31 -1272.61 -1286.92 -1301.23 -1315.55 -1329.86 -1344.17 -1358.48 -1372.80 -1387.11 -1401.43 -1415.74 -1430.06 -1444.38 -1458.70 -1473.02 -1487.33 -1501.65 -1515.97 -1530.30 -1544.62 -1558.94 -1573.26 -1587.59 -1601.91 -1616.23 -1630.56 -1644.88 -1659.21 -1673.54 -1687.86 -1702.19 -1716.52 -1730.85 -1745.18 -1759.50 -1773.83 -1788.16 -1802.50 -1816.83 -1831.16 -1845.49 -1859.82 -1874.15 -1888.49 -1902.82 -1917.15 -1931.49 -1945.82 -1960.16 -1974.49 -1988.83 -2003.16 -2017.50 -2031.84 -2046.17 -2060.51 -2074.85 -2089.19 -2103.52 -2117.86 -2132.20 -2146.54 -2160.88 -2175.22 -2189.56
-1256.98 -1271.30 -1285.62 -1299.94 -1314.26 -1328.58 -1342.90 -1357.22 -1371.54 -1385.86 -1400.18 -1414.51 -1428.83 -1443.15 -1457.48 -1471.80 -1486.13 -1500.46 -1514.78 -1529.11 -1543.44 -1557.77 -1572.10 -1586.43 -1600.76 -1615.09 -1629.42 -1643.75 -1658.08 -1672.41 -1686.75 -1701.08 -1715.41 -1729.75 -1744.08 -1758.42 -1772.75 -1787.09 -1801.42 -1815.76 -1830.10 -1844.43 -1858.77 -1873.11 -1887.45 -1901.78 -1916.12 -1930.46 -1944.80 -1959.14 -1973.48 -1987.82 -2002.16 -2016.50 -2030.84 -2045.18 -2059.53 -2073.87 -2088.21 -2102.55 -2116.90 -2131.24 -2145.58 -2159.93 -2174.27 -2188.62
-1255.75 -1270.08 -1284.40 -1298.73 -1313.05 -1327.38 -1341.71 -1356.03 -1370.36 -1384.69 -1399.02 -1413.35 -1427.68 -1442.01 -1456.34 -1470.67 -1485.01 -1499.34 -1513.67 -1528.01 -1542.34 -1556.68 -1571.01 -1585.35 -1599.68 -1614.02 -1628.35 -1642.69 -1657.03 -1671.37 -1685.70 -1700.04 -1714.38 -1728.72 -1743.06 -1757.40 -1771.74 -1786.08 -1800.42 -1814.76 -1829.10 -1843.45 -1857.79 -1872.13 -1886.47 -1900.82 -1915.16 -1929.50 -1943.85 -1958.19 -1972.54 -1986.88 -2001.23 -2015.57 -2029.92 -2044.26 -2058.61 -2072.95 -2087.30 -2101.65 -2115.99 -2130.34 -2144.69 -2159.04 -2173.38 -2187.73
-1254.60 -1268.94 -1283.27 -1297.60 -1311.93 -1326.27 -1340.60 -1354.93 -1369.27 -1383.60 -1397.94 -1412.28 -1426.61 -1440.95 -1455.29 -1469.62 -1483.96 -1498.30 -1512.64 -1526.98 -1541.32 -1555.66 -1570.00 -1584.34 -1598.68 -1613.02 -1627.37 -1641.71 -1656.05 -1670.39 -1684.74 -1699.08 -1713.42 -1727.77 -1742.11 -1756.46 -1770.80 -1785.15 -1799.49 -1813.84 -1828.18 -1842.53 -1856.88 -1871.22 -1885.57 -1899.92 -1914.27 -1928.61 -1942.96 -1957.31 -1971.66 -1986.01 -2000.36 -2014.70 -2029.05 -2043.40 -2057.75 -2072.10 -2086.45 -2100.80 -2115.16 -2129.51 -2143.86 -2158.21 -2172.56 -2186.91
-1253.55 -1267.88 -1282.22 -1296.56 -1310.90 -1325.24 -1339.58 -1353.92 -1368.26 -1382.60 -1396.94 -1411.28 -1425.63 -1439.97 -1454.31 -1468.66 -1483.00 -1497.34 -1511.69 -1526.03 -1540.38 -1554.72 -1569.07 -1583.41 -1597.76 -1612.11 -1626.45 -1640.80 -1655.15 -1669.49 -1683.84 -1698.19 -1712.54 -1726.89 -1741.24 -1755.58 -1769.93 -1784.28 -1798.63 -1812.98 -1827.33 -1841.68 -1856.03 -1870.39 -1884.74 -1899.09 -1913.44 -1927.79 -1942.14 -1956.50 -1970.85 -1985.20 -1999.55 -2013.91 -2028.26 -2042.61 -2056.97 -2071.32 -2085.67 -2100.03 -2114.38 -2128.74 -2143.09 -2157.45 -2171.80 -2186.16
-1252.58 -1266.92 -1281.26 -1295.61 -1309.95 -1324.30 -1338.64 -1352.99 -1367.33 -1381.68 -1396.03 -1410.38 -1424.72 -1439.07 -1453.42 -1467.77 -1482.11 -1496.46 -1510.81 -1525.16 -1539.51 -1553.86 -1568.21 -1582.56 -1596.91 -1611.26 -1625.61 -1639.97 -1654.32 -1668.67 -1683.02 -1697.37 -1711.73 -1726.08 -1740.43 -1754.78 -1769.14 -1783.49 -1797.85 -1812.20 -1826.55 -1840.91 -1855.26 -1869.62 -1883.97 -1898.33 -1912.68 -1927.04 -1941.39 -1955.75 -1970.10 -1984.46 -1998.82 -2013.17 -2027.53 -2041.89 -2056.24 -2070.60 -2084.96 -2099.31 -2113.67 -2128.03 -2142.39 -2156.74 -2171.10 -2185.46
