batimetri/circular_island_bathymetry_2.asc
ncols         600
nrows         600
xllcorner     120.0
yllcorner     -5.0
cellsize      0.01666667
NODATA_value  -9999
[rows 290 to 318 of 600, columns 462 to 527 of 600]
-1251.69 -1266.04 -1280.39 -1294.74 -1309.09 -1323.44 -1337.79 -1352.14 -1366.49 -1380.84 -1395.20 -1409.55 -1423.90 -1438.25 -1452.61 -1466.96 -1481.31 -1495.66 -1510.02 -1524.37 -1538.73 -1553.08 -1567.43 -1581.79 -1596.14 -1610.50 -1624.85 -1639.21 -1653.56 -1667.92 -1682.28 -1696.63 -1710.99 -1725.34 -1739.70 -1754.06 -1768.41 -1782.77 -1797.13 -1811.49 -1825.84 -1840.20 -1854.56 -1868.92 -1883.28 -1897.63 -1911.99 -1926.35 -1940.71 -1955.07 -1969.43 -1983.79 -1998.15 -2012.51 -2026.87 -2041.23 -2055.59 -2069.95 -2084.31 -2098.67 -2113.03 -2127.39 -2141.75 -2156.11 -2170.47 -2184.83
-1250.90 -1265.25 -1279.61 -1293.96 -1308.31 -1322.67 -1337.02 -1351.38 -1365.74 -1380.09 -1394.45 -1408.80 -1423.16 -1437.52 -1451.87 -1466.23 -1480.59 -1494.94 -1509.30 -1523.66 -1538.02 -1552.38 -1566.73 -1581.09 -1595.45 -1609.81 -1624.17 -1638.53 -1652.89 -1667.25 -1681.60 -1695.96 -1710.32 -1724.68 -1739.04 -1753.40 -1767.76 -1782.12 -1796.48 -1810.85 -1825.21 -1839.57 -1853.93 -1868.29 -1882.65 -1897.01 -1911.37 -1925.74 -1940.10 -1954.46 -1968.82 -1983.18 -1997.54 -2011.91 -2026.27 -2040.63 -2054.99 -2069.36 -2083.72 -2098.08 -2112.45 -2126.81 -2141.17 -2155.53 -2169.90 -2184.26
-1250.19 -1264.55 -1278.91 -1293.27 -1307.62 -1321.98 -1336.34 -1350.70 -1365.06 -1379.42 -1393.78 -1408.14 -1422.50 -1436.86 -1451.22 -1465.58 -1479.94 -1494.30 -1508.67 -1523.03 -1537.39 -1551.75 -1566.11 -1580.47 -1594.83 -1609.20 -1623.56 -1637.92 -1652.28 -1666.65 -1681.01 -1695.37 -1709.73 -1724.10 -1738.46 -1752.82 -1767.19 -1781.55 -1795.91 -1810.28 -1824.64 -1839.00 -1853.37 -1867.73 -1882.09 -1896.46 -1910.82 -1925.19 -1939.55 -1953.92 -1968.28 -1982.64 -1997.01 -2011.37 -2025.74 -2040.10 -2054.47 -2068.83 -2083.20 -2097.56 -2111.93 -2126.29 -2140.66 -2155.03 -2169.39 -2183.76
-1249.57 -1263.93 -1278.30 -1292.66 -1307.02 -1321.38 -1335.75 -1350.11 -1364.47 -1378.84 -1393.20 -1407.56 -1421.93 -1436.29 -1450.65 -1465.02 -1479.38 -1493.74 -1508.11 -1522.47 -1536.84 -1551.20 -1565.57 -1579.93 -1594.30 -1608.66 -1623.02 -1637.39 -1651.75 -1666.12 -1680.49 -1694.85 -1709.22 -1723.58 -1737.95 -1752.31 -1766.68 -1781.04 -1795.41 -1809.78 -1824.14 -1838.51 -1852.87 -1867.24 -1881.61 -1895.97 -1910.34 -1924.71 -1939.07 -1953.44 -1967.81 -1982.17 -1996.54 -2010.91 -2025.27 -2039.64 -2054.01 -2068.38 -2082.74 -2097.11 -2111.48 -2125.84 -2140.21 -2154.58 -2168.95 -2183.31
-1249.04 -1263.41 -1277.77 -1292.14 -1306.50 -1320.87 -1335.23 -1349.60 -1363.97 -1378.33 -1392.70 -1407.07 -1421.43 -1435.80 -1450.16 -1464.53 -1478.90 -1493.26 -1507.63 -1522.00 -1536.36 -1550.73 -1565.10 -1579.47 -1593.83 -1608.20 -1622.57 -1636.94 -1651.30 -1665.67 -1680.04 -1694.41 -1708.77 -1723.14 -1737.51 -1751.88 -1766.24 -1780.61 -1794.98 -1809.35 -1823.72 -1838.08 -1852.45 -1866.82 -1881.19 -1895.56 -1909.93 -1924.30 -1938.66 -1953.03 -1967.40 -1981.77 -1996.14 -2010.51 -2024.88 -2039.24 -2053.61 -2067.98 -2082.35 -2096.72 -2111.09 -2125.46 -2139.83 -2154.20 -2168.57 -2182.94
-1248.60 -1262.97 -1277.34 -1291.70 -1306.07 -1320.44 -1334.81 -1349.18 -1363.55 -1377.91 -1392.28 -1406.65 -1421.02 -1435.39 -1449.76 -1464.13 -1478.50 -1492.86 -1507.23 -1521.60 -1535.97 -1550.34 -1564.71 -1579.08 -1593.45 -1607.82 -1622.19 -1636.56 -1650.93 -1665.29 -1679.66 -1694.03 -1708.40 -1722.77 -1737.14 -1751.51 -1765.88 -1780.25 -1794.62 -1808.99 -1823.36 -1837.73 -1852.10 -1866.47 -1880.84 -1895.21 -1909.58 -1923.95 -1938.32 -1952.69 -1967.06 -1981.43 -1995.80 -2010.17 -2024.54 -2038.91 -2053.28 -2067.66 -2082.03 -2096.40 -2110.77 -2125.14 -2139.51 -2153.88 -2168.25 -2182.62
-1248.25 -1262.62 -1276.99 -1291.36 -1305.73 -1320.10 -1334.47 -1348.84 -1363.21 -1377.58 -1391.95 -1406.32 -1420.69 -1435.06 -1449.43 -1463.80 -1478.17 -1492.54 -1506.91 -1521.29 -1535.66 -1550.03 -1564.40 -1578.77 -1593.14 -1607.51 -1621.88 -1636.25 -1650.62 -1664.99 -1679.37 -1693.74 -1708.11 -1722.48 -1736.85 -1751.22 -1765.59 -1779.96 -1794.34 -1808.71 -1823.08 -1837.45 -1851.82 -1866.19 -1880.56 -1894.93 -1909.31 -1923.68 -1938.05 -1952.42 -1966.79 -1981.16 -1995.54 -2009.91 -2024.28 -2038.65 -2053.02 -2067.39 -2081.77 -2096.14 -2110.51 -2124.88 -2139.25 -2153.62 -2168.00 -2182.37
-1247.98 -1262.35 -1276.72 -1291.10 -1305.47 -1319.84 -1334.21 -1348.58 -1362.96 -1377.33 -1391.70 -1406.07 -1420.44 -1434.82 -1449.19 -1463.56 -1477.93 -1492.30 -1506.68 -1521.05 -1535.42 -1549.79 -1564.16 -1578.54 -1592.91 -1607.28 -1621.65 -1636.03 -1650.40 -1664.77 -1679.14 -1693.51 -1707.89 -1722.26 -1736.63 -1751.00 -1765.38 -1779.75 -1794.12 -1808.49 -1822.87 -1837.24 -1851.61 -1865.98 -1880.35 -1894.73 -1909.10 -1923.47 -1937.84 -1952.22 -1966.59 -1980.96 -1995.33 -2009.71 -2024.08 -2038.45 -2052.82 -2067.20 -2081.57 -2095.94 -2110.31 -2124.69 -2139.06 -2153.43 -2167.80 -2182.18
-1247.80 -1262.18 -1276.55 -1290.92 -1305.30 -1319.67 -1334.04 -1348.41 -1362.79 -1377.16 -1391.53 -1405.91 -1420.28 -1434.65 -1449.02 -1463.40 -1477.77 -1492.14 -1506.52 -1520.89 -1535.26 -1549.64 -1564.01 -1578.38 -1592.75 -1607.13 -1621.50 -1635.87 -1650.25 -1664.62 -1678.99 -1693.37 -1707.74 -1722.11 -1736.48 -1750.86 -1765.23 -1779.60 -1793.98 -1808.35 -1822.72 -1837.10 -1851.47 -1865.84 -1880.22 -1894.59 -1908.96 -1923.33 -1937.71 -1952.08 -1966.45 -1980.83 -1995.20 -2009.57 -2023.95 -2038.32 -2052.69 -2067.07 -2081.44 -2095.81 -2110.19 -2124.56 -2138.93 -2153.30 -2167.68 -2182.05
-1247.72 -1262.09 -1276.46 -1290.84 -1305.21 -1319.58 -1333.96 -1348.33 -1362.70 -1377.08 -1391.45 -1405.82 -1420.20 -1434.57 -1448.94 -1463.32 -1477.69 -1492.06 -1506.44 -1520.81 -1535.18 -1549.56 -1563.93 -1578.30 -1592.68 -1607.05 -1621.42 -1635.80 -1650.17 -1664.54 -1678.92 -1693.29 -1707.66 -1722.04 -1736.41 -1750.78 -1765.16 -1779.53 -1793.91 -1808.28 -1822.65 -1837.03 -1851.40 -1865.77 -1880.15 -1894.52 -1908.89 -1923.27 -1937.64 -1952.01 -1966.39 -1980.76 -1995.13 -2009.51 -2023.88 -2038.25 -2052.63 -2067.00 -2081.37 -2095.75 -2110.12 -2124.49 -2138.87 -2153.24 -2167.61 -2181.99
-1247.72 -1262.09 -1276.46 -1290.84 -1305.21 -1319.58 -1333.96 -1348.33 -1362.70 -1377.08 -1391.45 -1405.82 -1420.20 -1434.57 -1448.94 -1463.32 -1477.69 -1492.06 -1506.44 -1520.81 -1535.18 -1549.56 -1563.93 -1578.30 -1592.68 -1607.05 -1621.42 -1635.80 -1650.17 -1664.54 -1678.92 -1693.29 -1707.66 -1722.04 -1736.41 -1750.78 -1765.16 -1779.53 -1793.91 -1808.28 -1822.65 -1837.03 -1851.40 -1865.77 -1880.15 -1894.52 -1908.89 -1923.27 -1937.64 -1952.01 -1966.39 -1980.76 -1995.13 -2009.51 -2023.88 -2038.25 -2052.63 -2067.00 -2081.37 -2095.75 -2110.12 -2124.49 -2138.87 -2153.24 -2167.61 -2181.99
-1247.80 -1262.18 -1276.55 -1290.92 -1305.30 -1319.67 -1334.04 -1348.41 -1362.79 -1377.16 -1391.53 -1405.91 -1420.28 -1434.65 -1449.02 -1463.40 -1477.77 -1492.14 -1506.52 -1520.89 -1535.26 -1549.64 -1564.01 -1578.38 -1592.75 -1607.13 -1621.50 -1635.87 -1650.25 -1664.62 -1678.99 -1693.37 -1707.74 -1722.11 -1736.48 -1750.86 -1765.23 -1779.60 -1793.98 -1808.35 -1822.72 -1837.10 -1851.47 -1865.84 -1880.22 -1894.59 -1908.96 -1923.33 -1937.71 -1952.08 -1966.45 -1980.83 -1995.20 -2009.57 -2023.95 -2038.32 -2052.69 -2067.07 -2081.44 -2095.81 -2110.19 -2124.56 -2138.93 -2153.30 -2167.68 -2182.05
-1247.98 -1262.35 -1276.72 -1291.10 -1305.47 -1319.84 -1334.21 -1348.58 -1362.96 -1377.33 -1391.70 -1406.07 -1420.44 -1434.82 -1449.19 -1463.56 -1477.93 -1492.30 -1506.68 -1521.05 -1535.42 -1549.79 -1564.16 -1578.54 -1592.91 -1607.28 -1621.65 -1636.03 -1650.40 -1664.77 -1679.14 -1693.51 -1707.89 -1722.26 -1736.63 -1751.00 -1765.38 -1779.75 -1794.12 -1808.49 -1822.87 -1837.24 -1851.61 -1865.98 -1880.35 -1894.73 -1909.10 -1923.47 -1937.84 -1952.22 -1966.59 -1980.96 -1995.33 -2009.71 -2024.08 -2038.45 -2052.82 -2067.20 -2081.57 -2095.94 -2110.31 -2124.69 -2139.06 -2153.43 -2167.80 -2182.18
-1248.25 -1262.62 -1276.99 -1291.36 -1305.73 -1320.10 -1334.47 -1348.84 -1363.21 -1377.58 -1391.95 -1406.32 -1420.69 -1435.06 -1449.43 -1463.80 -1478.17 -1492.54 -1506.91 -1521.29 -1535.66 -1550.03 -1564.40 -1578.77 -1593.14 -1607.51 -1621.88 -1636.25 -1650.62 -1664.99 -1679.37 -1693.74 -1708.11 -1722.48 -1736.85 -1751.22 -1765.59 -1779.96 -1794.34 -1808.71 -1823.08 -1837.45 -1851.82 -1866.19 -1880.56 -1894.93 -1909.31 -1923.68 -1938.05 -1952.42 -1966.79 -1981.16 -1995.54 -2009.91 -2024.28 -2038.65 -2053.02 -2067.39 -2081.77 -2096.14 -2110.51 -2124.88 -2139.25 -2153.62 -2168.00 -2182.37
-1248.60 -1262.97 -1277.34 -1291.70 -1306.07 -1320.44 -1334.81 -1349.18 -1363.55 -1377.91 -1392.28 -1406.65 -1421.02 -1435.39 -1449.76 -1464.13 -1478.50 -1492.86 -1507.23 -1521.60 -1535.97 -1550.34 -1564.71 -1579.08 -1593.45 -1607.82 -1622.19 -1636.56 -1650.93 -1665.29 -1679.66 -1694.03 -1708.40 -1722.77 -1737.14 -1751.51 -1765.88 -1780.25 -1794.62 -1808.99 -1823.36 -1837.73 -1852.10 -1866.47 -1880.84 -1895.21 -1909.58 -1923.95 -1938.32 -1952.69 -1967.06 -1981.43 -1995.80 -2010.17 -2024.54 -2038.91 -2053.28 -2067.66 -2082.03 -2096.40 -2110.77 -2125.14 -2139.51 -2153.88 -2168.25 -2182.62
-1249.04 -1263.41 -1277.77 -1292.14 -1306.50 -1320.87 -1335.23 -1349.60 -1363.97 -1378.33 -1392.70 -1407.07 -1421.43 -1435.80 -1450.16 -1464.53 -1478.90 -1493.26 -1507.63 -1522.00 -1536.36 -1550.73 -1565.10 -1579.47 -1593.83 -1608.20 -1622.57 -1636.94 -1651.30 -1665.67 -1680.04 -1694.41 -1708.77 -1723.14 -1737.51 -1751.88 -1766.24 -1780.61 -1794.98 -1809.35 -1823.72 -1838.08 -1852.45 -1866.82 -1881.19 -1895.56 -1909.93 -1924.30 -1938.66 -1953.03 -1967.40 -1981.77 -1996.14 -2010.51 -2024.88 -2039.24 -2053.61 -2067.98 -2082.35 -2096.72 -2111.09 -2125.46 -2139.83 -2154.20 -2168.57 -2182.94
-1249.57 -1263.93 -1278.30 -1292.66 -1307.02 -1321.38 -1335.75 -1350.11 -1364.47 -1378.84 -1393.20 -1407.56 -1421.93 -1436.29 -1450.65 -1465.02 -1479.38 -1493.74 -1508.11 -1522.47 -1536.84 -1551.20 -1565.57 -1579.93 -1594.30 -1608.66 -1623.02 -1637.39 -1651.75 -1666.12 -1680.49 -1694.85 -1709.22 -1723.58 -1737.95 -1752.31 -1766.68 -1781.04 -1795.41 -1809.78 -1824.14 -1838.51 -1852.87 -1867.24 -1881.61 -1895.97 -1910.34 -1924.71 -1939.07 -1953.44 -1967.81 -1982.17 -1996.54 -2010.91 -2025.27 -2039.64 -2054.01 -2068.38 -2082.74 -2097.11 -2111.48 -2125.84 -2140.21 -2154.58 -2168.95 -2183.31
-1250.19 -1264.55 -1278.91 -1293.27 -1307.62 -1321.98 -1336.34 -1350.70 -1365.06 -1379.42 -1393.78 -1408.14 -1422.50 -1436.86 -1451.22 -1465.58 -1479.94 -1494.30 -1508.67 -1523.03 -1537.39 -1551.75 -1566.11 -1580.47 -1594.83 -1609.20 -1623.56 -1637.92 -1652.28 -1666.65 -1681.01 -1695.37 -1709.73 -1724.10 -1738.46 -1752.82 -1767.19 -1781.55 -1795.91 -1810.28 -1824.64 -1839.00 -1853.37 -1867.73 -1882.09 -1896.46 -1910.82 -1925.19 -1939.55 -1953.92 -1968.28 -1982.64 -1997.01 -2011.37 -2025.74 -2040.10 -2054.47 -2068.83 -2083.20 -2097.56 -2111.93 -2126.29 -2140.66 -2155.03 -2169.39 -2183.76
-1250.90 -1265.25 -1279.61 -1293.96 -1308.31 -1322.67 -1337.02 -1351.38 -1365.74 -1380.09 -1394.45 -1408.80 -1423.16 -1437.52 -1451.87 -1466.23 -1480.59 -1494.94 -1509.30 -1523.66 -1538.02 -1552.38 -1566.73 -1581.09 -1595.45 -1609.81 -1624.17 -1638.53 -1652.89 -1667.25 -1681.60 -1695.96 -1710.32 -1724.68 -1739.04 -1753.40 -1767.76 -1782.12 -1796.48 -1810.85 -1825.21 -1839.57 -1853.93 -1868.29 -1882.65 -1897.01 -1911.37 -1925.74 -1940.10 -1954.46 -1968.82 -1983.18 -1997.54 -2011.91 -2026.27 -2040.63 -2054.99 -2069.36 -2083.72 -2098.08 -2112.45 -2126.81 -2141.17 -2155.53 -2169.90 -2184.26
-1251.69 -1266.04 -1280.39 -1294.74 -1309.09 -1323.44 -1337.79 -1352.14 -1366.49 -1380.84 -1395.20 -1409.55 -1423.90 -1438.25 -1452.61 -1466.96 -1481.31 -1495.66 -1510.02 -1524.37 -1538.73 -1553.08 -1567.43 -1581.79 -1596.14 -1610.50 -1624.85 -1639.21 -1653.56 -1667.92 -1682.28 -1696.63 -1710.99 -1725.34 -1739.70 -1754.06 -1768.41 -1782.77 -1797.13 -1811.49 -1825.84 -1840.20 -1854.56 -1868.92 -1883.28 -1897.63 -1911.99 -1926.35 -1940.71 -1955.07 -1969.43 -1983.79 -1998.15 -2012.51 -2026.87 -2041.23 -2055.59 -2069.95 -2084.31 -2098.67 -2113.03 -2127.39 -2141.75 -2156.11 -2170.47 -2184.83
-1252.58 -1266.92 -1281.26 -1295.61 -1309.95 -1324.30 -1338.64 -1352.99 -1367.33 -1381.68 -1396.03 -1410.38 -1424.72 -1439.07 -1453.42 -1467.77 -1482.11 -1496.46 -1510.81 -1525.16 -1539.51 -1553.86 -1568.21 -1582.56 -1596.91 -1611.26 -1625.61 -1639.97 -1654.32 -1668.67 -1683.02 -1697.37 -1711.73 -1726.08 -1740.43 -1754.78 -1769.14 -1783.49 -1797.85 -1812.20 -1826.55 -1840.91 -1855.26 -1869.62 -1883.97 -1898.33 -1912.68 -1927.04 -1941.39 -1955.75 -1970.10 -1984.46 -1998.82 -2013.17 -2027.53 -2041.89 -2056.24 -2070.60 -2084.96 -2099.31 -2113.67 -2128.03 -2142.39 -2156.74 -2171.10 -2185.46
-1253.55 -1267.88 -1282.22 -1296.56 -1310.90 -1325.24 -1339.58 -1353.92 -1368.26 -1382.60 -1396.94 -1411.28 -1425.63 -1439.97 -1454.31 -1468.66 -1483.00 -1497.34 -1511.69 -1526.03 -1540.38 -1554.72 -1569.07 -1583.41 -1597.76 -1612.11 -1626.45 -1640.80 -1655.15 -1669.49 -1683.84 -1698.19 -1712.54 -1726.89 -1741.24 -1755.58 -1769.93 -1784.28 -1798.63 -1812.98 -1827.33 -1841.68 -1856.03 -1870.39 -1884.74 -1899.09 -1913.44 -1927.79 -1942.14 -1956.50 -1970.85 -1985.20 -1999.55 -2013.91 -2028.26 -2042.61 -2056.97 -2071.32 -2085.67 -2100.03 -2114.38 -2128.74 -2143.09 -2157.45 -2171.80 -2186.16
-1254.60 -1268.94 -1283.27 -1297.60 -1311.93 -1326.27 -1340.60 -1354.93 -1369.27 -1383.60 -1397.94 -1412.28 -1426.61 -1440.95 -1455.29 -1469.62 -1483.96 -1498.30 -1512.64 -1526.98 -1541.32 -1555.66 -1570.00 -1584.34 -1598.68 -1613.02 -1627.37 -1641.71 -1656.05 -1670.39 -1684.74 -1699.08 -1713.42 -1727.77 -1742.11 -1756.46 -1770.80 -1785.15 -1799.49 -1813.84 -1828.18 -1842.53 -1856.88 -1871.22 -1885.57 -1899.92 -1914.27 -1928.61 -1942.96 -1957.31 -1971.66 -1986.01 -2000.36 -2014.70 -2029.05 -2043.40 -2057.75 -2072.10 -2086.45 -2100.80 -2115.16 -2129.51 -2143.86 -2158.21 -2172.56 -2186.91
-1255.75 -1270.08 -1284.40 -1298.73 -1313.05 -1327.38 -1341.71 -1356.03 -1370.36 -1384.69 -1399.02 -1413.35 -1427.68 -1442.01 -1456.34 -1470.67 -1485.01 -1499.34 -1513.67 -1528.01 -1542.34 -1556.68 -1571.01 -1585.35 -1599.68 -1614.02 -1628.35 -1642.69 -1657.03 -1671.37 -1685.70 -1700.04 -1714.38 -1728.72 -1743.06 -1757.40 -1771.74 -1786.08 -1800.42 -1814.76 -1829.10 -1843.45 -1857.79 -1872.13 -1886.47 -1900.82 -1915.16 -1929.50 -1943.85 -1958.19 -1972.54 -1986.88 -2001.23 -2015.57 -2029.92 -2044.26 -2058.61 -2072.95 -2087.30 -2101.65 -2115.99 -2130.34 -2144.69 -2159.04 -2173.38 -2187.73
-1256.98 -1271.30 -1285.62 -1299.94 -1314.26 -1328.58 -1342.90 -1357.22 -1371.54 -1385.86 -1400.18 -1414.51 -1428.83 -1443.15 -1457.48 -1471.80 -1486.13 -1500.46 -1514.78 -1529.11 -1543.44 -1557.77 -1572.10 -1586.43 -1600.76 -1615.09 -1629.42 -1643.75 -1658.08 -1672.41 -1686.75 -1701.08 -1715.41 -1729.75 -1744.08 -1758.42 -1772.75 -1787.09 -1801.42 -1815.76 -1830.10 -1844.43 -1858.77 -1873.11 -1887.45 -1901.78 -1916.12 -1930.46 -1944.80 -1959.14 -1973.48 -1987.82 -2002.16 -2016.50 -2030.84 -2045.18 -2059.53 -2073.87 -2088.21 -2102.55 -2116.90 -2131.24 -2145.58 -2159.93 -2174.27 -2188.62
-1258.31 -1272.61 -1286.92 -1301.23 -1315.55 -1329.86 -1344.17 -1358.48 -1372.80 -1387.11 -1401.43 -1415.74 -1430.06 -1444.38 -1458.70 -1473.02 -1487.33 -1501.65 -1515.97 -1530.30 -1544.62 -1558.94 -1573.26 -1587.59 -1601.91 -1616.23 -1630.56 -1644.88 -1659.21 -1673.54 -1687.86 -1702.19 -1716.52 -1730.85 -1745.18 -1759.50 -1773.83 -1788.16 -1802.50 -1816.83 -1831.16 -1845.49 -1859.82 -1874.15 -1888.49 -1902.82 -1917.15 -1931.49 -1945.82 -1960.16 -1974.49 -1988.83 -2003.16 -2017.50 -2031.84 -2046.17 -2060.51 -2074.85 -2089.19 -2103.52 -2117.86 -2132.20 -2146.54 -2160.88 -2175.22 -2189.56
-1259.71 -1274.01 -1288.32 -1302.62 -1316.92 -1331.22 -1345.53 -1359.83 -1374.14 -1388.45 -1402.76 -1417.06 -1431.37 -1445.68 -1459.99 -1474.31 -1488.62 -1502.93 -1517.24 -1531.56 -1545.87 -1560.19 -1574.50 -1588.82 -1603.14 -1617.46 -1631.77 -1646.09 -1660.41 -1674.73 -1689.05 -1703.38 -1717.70 -1732.02 -1746.34 -1760.67 -1774.99 -1789.31 -1803.64 -1817.96 -1832.29 -1846.62 -1860.94 -1875.27 -1889.60 -1903.93 -1918.25 -1932.58 -1946.91 -1961.24 -1975.57 -1989.90 -2004.23 -2018.56 -2032.90 -2047.23 -2061.56 -2075.89 -2090.23 -2104.56 -2118.89 -2133.23 -2147.56 -2161.90 -2176.23 -2190.57
-1261.21 -1275.50 -1289.79 -1304.09 -1318.38 -1332.68 -1346.97 -1361.27 -1375.57 -1389.87 -1404.17 -1418.47 -1432.77 -1447.07 -1461.37 -1475.68 -1489.98 -1504.29 -1518.59 -1532.90 -1547.21 -1561.51 -1575.82 -1590.13 -1604.44 -1618.75 -1633.07 -1647.38 -1661.69 -1676.00 -1690.32 -1704.63 -1718.95 -1733.26 -1747.58 -1761.90 -1776.22 -1790.53 -1804.85 -1819.17 -1833.49 -1847.81 -1862.13 -1876.45 -1890.78 -1905.10 -1919.42 -1933.74 -1948.07 -1962.39 -1976.72 -1991.04 -2005.37 -2019.69 -2034.02 -2048.35 -2062.68 -2077.00 -2091.33 -2105.66 -2119.99 -2134.32 -2148.65 -2162.98 -2177.31 -2191.64
-1262.79 -1277.07 -1291.36 -1305.64 -1319.93 -1334.21 -1348.50 -1362.79 -1377.08 -1391.37 -1405.66 -1419.95 -1434.24 -1448.54 -1462.83 -1477.13 -1491.42 -1505.72 -1520.02 -1534.32 -1548.62 -1562.92 -1577.22 -1591.52 -1605.82 -1620.13 -1634.43 -1648.74 -1663.04 -1677.35 -1691.66 -1705.96 -1720.27 -1734.58 -1748.89 -1763.20 -1777.51 -1791.83 -1806.14 -1820.45 -1834.76 -1849.08 -1863.39 -1877.71 -1892.02 -1906.34 -1920.66 -1934.98 -1949.29 -1963.61 -1977.93 -1992.25 -2006.57 -2020.89 -2035.21 -2049.53 -2063.86 -2078.18 -2092.50 -2106.82 -2121.15 -2135.47 -2149.80 -2164.12 -2178.45 -2192.77
