batimetri/circular_island_bathymetry.asc
ncols         600
nrows         600
xllcorner     120.0
yllcorner     -5.0
cellsize      0.01666667
NODATA_value  -9999
[rows 390 to 419 of 600, columns 330 to 395 of 600]
53.93 52.42 50.86 49.26 47.62 45.93 44.21 42.44 40.63 38.78 36.89 34.97 33.00 30.99 28.95 26.87 24.76 22.60 20.42 18.19 15.93 13.64 11.31 8.95 6.56 4.13 1.68 -2.75 -11.28 -19.90 -28.63 -37.46 -46.39 -55.42 -64.54 -73.75 -83.06 -92.46 -101.95 -111.53 -121.19 -130.94 -140.78 -150.70 -160.70 -170.78 -180.94 -191.17 -201.49 -211.87 -222.34 -232.87 -243.48 -254.16 -264.90 -275.72 -286.60 -297.55 -308.56 -319.64 -330.78 -341.98 -353.24 -364.56 -375.94 -387.38
49.50 48.00 46.46 44.88 43.25 41.58 39.87 38.12 36.33 34.50 32.63 30.72 28.77 26.78 24.76 22.70 20.60 18.46 16.29 14.09 11.85 9.57 7.27 4.93 2.55 0.15 -7.76 -16.11 -24.57 -33.13 -41.79 -50.55 -59.41 -68.37 -77.43 -86.57 -95.82 -105.15 -114.57 -124.08 -133.68 -143.37 -153.13 -162.99 -172.92 -182.93 -193.03 -203.20 -213.45 -223.77 -234.17 -244.64 -255.18 -265.80 -276.48 -287.23 -298.05 -308.94 -319.89 -330.90 -341.98 -353.12 -364.32 -375.58 -386.90 -398.28
45.07 43.58 42.06 40.49 38.88 37.22 35.53 33.79 32.02 30.20 28.35 26.46 24.53 22.56 20.55 18.51 16.43 14.31 12.16 9.97 7.75 5.50 3.21 0.89 -4.96 -13.04 -21.22 -29.50 -37.90 -46.39 -54.99 -63.68 -72.48 -81.37 -90.36 -99.44 -108.62 -117.89 -127.24 -136.69 -146.22 -155.84 -165.54 -175.33 -185.20 -195.15 -205.17 -215.28 -225.47 -235.72 -246.06 -256.47 -266.94 -277.49 -288.11 -298.80 -309.56 -320.38 -331.27 -342.22 -353.24 -364.32 -375.46 -386.66 -397.92 -409.24
40.63 39.16 37.65 36.09 34.50 32.86 31.18 29.46 27.70 25.91 24.07 22.19 20.28 18.33 16.34 14.31 12.25 10.15 8.02 5.85 3.65 1.41 -2.90 -10.69 -18.59 -26.60 -34.72 -42.94 -51.27 -59.70 -68.23 -76.86 -85.59 -94.42 -103.34 -112.36 -121.47 -130.67 -139.96 -149.34 -158.81 -168.36 -178.00 -187.72 -197.53 -207.41 -217.38 -227.42 -237.54 -247.73 -258.00 -268.35 -278.76 -289.25 -299.81 -310.43 -321.13 -331.89 -342.72 -353.61 -364.56 -375.58 -386.66 -397.80 -409.00 -420.26
36.19 34.73 33.23 31.69 30.11 28.49 26.83 25.12 23.38 21.60 19.78 17.92 16.02 14.09 12.12 10.11 8.06 5.98 3.87 1.72 -1.57 -9.08 -16.69 -24.42 -32.26 -40.20 -48.26 -56.42 -64.68 -73.05 -81.51 -90.08 -98.75 -107.51 -116.37 -125.32 -134.37 -143.50 -152.73 -162.04 -171.45 -180.94 -190.51 -200.17 -209.91 -219.73 -229.63 -239.61 -249.66 -259.79 -270.00 -280.28 -290.64 -301.06 -311.56 -322.12 -332.75 -343.45 -354.22 -365.05 -375.94 -386.90 -397.92 -409.00 -420.14 -431.34
31.74 30.30 28.81 27.29 25.72 24.11 22.47 20.78 19.05 17.29 15.48 13.64 11.76 9.84 7.89 5.90 3.87 1.81 -0.98 -8.20 -15.52 -22.96 -30.52 -38.18 -45.96 -53.84 -61.83 -69.93 -78.13 -86.43 -94.84 -103.34 -111.94 -120.64 -129.44 -138.33 -147.31 -156.38 -165.54 -174.79 -184.13 -193.56 -203.07 -212.66 -222.34 -232.09 -241.93 -251.85 -261.84 -271.91 -282.05 -292.27 -302.56 -312.93 -323.36 -333.86 -344.43 -355.07 -365.78 -376.55 -387.38 -398.28 -409.24 -420.26 -431.34 -442.48
27.29 25.86 24.39 22.88 21.33 19.73 18.10 16.43 14.72 12.97 11.18 9.35 7.49 5.59 3.65 1.68 -1.13 -8.05 -15.08 -22.24 -29.50 -36.89 -44.38 -51.98 -59.70 -67.52 -75.45 -83.48 -91.62 -99.86 -108.20 -116.64 -125.18 -133.82 -142.55 -151.37 -160.29 -169.30 -178.40 -187.59 -196.87 -206.23 -215.67 -225.20 -234.82 -244.51 -254.29 -264.14 -274.07 -284.08 -294.16 -304.31 -314.54 -324.84 -335.22 -345.66 -356.17 -366.75 -377.39 -388.10 -398.88 -409.71 -420.61 -431.58 -442.60 -453.68
22.83 21.42 19.96 18.46 16.93 15.35 13.73 12.07 10.38 8.64 6.87 5.06 3.21 1.33 -2.02 -8.64 -15.38 -22.24 -29.21 -36.31 -43.52 -50.84 -58.27 -65.82 -73.47 -81.23 -89.10 -97.07 -105.15 -113.33 -121.61 -129.99 -138.46 -147.04 -155.70 -164.47 -173.32 -182.27 -191.31 -200.43 -209.64 -218.94 -228.33 -237.80 -247.35 -256.98 -266.69 -276.48 -286.35 -296.29 -306.31 -316.41 -326.58 -336.82 -347.13 -357.51 -367.96 -378.48 -389.06 -399.71 -410.43 -421.20 -432.05 -442.95 -453.91 -464.94
18.37 16.97 15.53 14.04 12.52 10.96 9.35 7.71 6.03 4.31 2.55 0.76 -3.64 -9.96 -16.40 -22.96 -29.65 -36.45 -43.37 -50.41 -57.56 -64.82 -72.20 -79.68 -87.28 -94.98 -102.79 -110.70 -118.71 -126.83 -135.05 -143.37 -151.78 -160.29 -168.90 -177.60 -186.39 -195.28 -204.25 -213.32 -222.47 -231.71 -241.03 -250.43 -259.92 -269.49 -279.14 -288.87 -298.68 -308.56 -318.52 -328.56 -338.66 -348.84 -359.09 -369.41 -379.80 -390.26 -400.78 -411.38 -422.03 -432.75 -443.53 -454.38 -465.29 -476.25
13.91 12.52 11.09 9.62 8.11 6.56 4.97 3.34 1.68 -0.10 -5.99 -12.01 -18.15 -24.42 -30.81 -37.32 -43.95 -50.69 -57.56 -64.54 -71.63 -78.84 -86.15 -93.58 -101.12 -108.76 -116.51 -124.36 -132.31 -140.37 -148.53 -156.78 -165.14 -173.59 -182.14 -190.78 -199.51 -208.33 -217.24 -226.25 -235.34 -244.51 -253.77 -263.12 -272.54 -282.05 -291.64 -301.31 -311.06 -320.88 -330.78 -340.75 -350.80 -360.92 -371.11 -381.37 -391.70 -402.10 -412.56 -423.09 -433.69 -444.35 -455.08 -465.86 -476.71 -487.62
9.44 8.06 6.65 5.19 3.69 2.16 0.58 -3.49 -9.08 -14.79 -20.63 -26.60 -32.69 -38.91 -45.24 -51.70 -58.27 -64.96 -71.77 -78.70 -85.73 -92.88 -100.14 -107.51 -114.99 -122.57 -130.26 -138.05 -145.95 -153.95 -162.04 -170.24 -178.54 -186.93 -195.41 -203.99 -212.66 -221.42 -230.28 -239.22 -248.25 -257.36 -266.56 -275.85 -285.21 -294.66 -304.19 -313.80 -323.48 -333.25 -343.08 -353.00 -362.98 -373.04 -383.17 -393.38 -403.65 -413.99 -424.39 -434.87 -445.40 -456.01 -466.67 -477.40 -488.19 -499.05
4.97 3.61 2.20 0.76 -2.46 -7.61 -12.89 -18.30 -23.84 -29.50 -35.30 -41.21 -47.25 -53.41 -59.70 -66.10 -72.62 -79.26 -86.01 -92.88 -99.86 -106.95 -114.16 -121.47 -128.89 -136.41 -144.05 -151.78 -159.62 -167.56 -175.60 -183.73 -191.97 -200.30 -208.72 -217.24 -225.86 -234.56 -243.35 -252.23 -261.20 -270.26 -279.40 -288.62 -297.93 -307.31 -316.78 -326.33 -335.96 -345.66 -355.44 -365.29 -375.22 -385.22 -395.29 -405.43 -415.64 -425.93 -436.27 -446.69 -457.17 -467.71 -478.32 -489.00 -499.73 -510.52
0.49 -2.90 -7.61 -12.45 -17.42 -22.53 -27.76 -33.13 -38.62 -44.24 -49.98 -55.85 -61.83 -67.95 -74.18 -80.53 -87.00 -93.58 -100.28 -107.09 -114.02 -121.06 -128.20 -135.46 -142.82 -150.29 -157.86 -165.54 -173.32 -181.20 -189.18 -197.26 -205.44 -213.71 -222.08 -230.54 -239.09 -247.73 -256.47 -265.29 -274.20 -283.19 -292.27 -301.44 -310.68 -320.01 -329.42 -338.91 -348.47 -358.12 -367.84 -377.63 -387.50 -397.44 -407.46 -417.54 -427.69 -437.92 -448.21 -458.56 -468.99 -479.47 -490.03 -500.64 -511.32 -522.06
-13.47 -18.01 -22.67 -27.47 -32.40 -37.46 -42.65 -47.97 -53.41 -58.99 -64.68 -70.50 -76.44 -82.50 -88.68 -94.98 -101.39 -107.93 -114.57 -121.33 -128.20 -135.19 -142.28 -149.48 -156.78 -164.20 -171.72 -179.34 -187.06 -194.88 -202.80 -210.83 -218.94 -227.16 -235.47 -243.87 -252.36 -260.95 -269.62 -278.38 -287.23 -296.17 -305.19 -314.29 -323.48 -332.75 -342.10 -351.53 -361.04 -370.62 -380.28 -390.02 -399.83 -409.71 -419.67 -429.69 -439.79 -449.95 -460.19 -470.49 -480.85 -491.28 -501.78 -512.34 -522.96 -533.64
-28.63 -33.13 -37.75 -42.51 -47.40 -52.41 -57.56 -62.83 -68.23 -73.75 -79.40 -85.17 -91.06 -97.07 -103.20 -109.45 -115.81 -122.29 -128.89 -135.60 -142.41 -149.34 -156.38 -163.53 -170.78 -178.13 -185.60 -193.16 -200.83 -208.59 -216.46 -224.42 -232.48 -240.64 -248.89 -257.23 -265.67 -274.20 -282.81 -291.52 -300.31 -309.19 -318.15 -327.20 -336.32 -345.54 -354.83 -364.20 -373.65 -383.17 -392.78 -402.45 -412.21 -422.03 -431.93 -441.90 -451.94 -462.04 -472.22 -482.46 -492.77 -503.14 -513.58 -524.09 -534.65 -545.28
-43.80 -48.26 -52.84 -57.56 -62.40 -67.38 -72.48 -77.71 -83.06 -88.54 -94.14 -99.86 -105.70 -111.67 -117.75 -123.95 -130.26 -136.69 -143.23 -149.88 -156.65 -163.53 -170.51 -177.60 -184.80 -192.10 -199.51 -207.02 -214.63 -222.34 -230.15 -238.05 -246.06 -254.16 -262.35 -270.64 -279.02 -287.48 -296.04 -304.69 -313.42 -322.24 -331.15 -340.14 -349.21 -358.36 -367.60 -376.91 -386.30 -395.77 -405.31 -414.93 -424.63 -434.40 -444.24 -454.15 -464.13 -474.18 -484.30 -494.48 -504.74 -515.05 -525.44 -535.88 -546.39 -556.96
-58.99 -63.40 -67.95 -72.62 -77.43 -82.36 -87.42 -92.60 -97.91 -103.34 -108.90 -114.57 -120.37 -126.28 -132.31 -138.46 -144.73 -151.10 -157.59 -164.20 -170.91 -177.73 -184.67 -191.70 -198.85 -206.10 -213.45 -220.90 -228.46 -236.11 -243.87 -251.72 -259.67 -267.71 -275.85 -284.08 -292.40 -300.81 -309.31 -317.90 -326.58 -335.34 -344.19 -353.12 -362.13 -371.23 -380.40 -389.66 -398.99 -408.41 -417.89 -427.46 -437.09 -446.81 -456.59 -466.44 -476.37 -486.36 -496.42 -506.55 -516.75 -527.01 -537.34 -547.73 -558.18 -568.70
-74.18 -78.55 -83.06 -87.70 -92.46 -97.35 -102.37 -107.51 -112.77 -118.16 -123.67 -129.30 -135.05 -140.92 -146.90 -153.00 -159.21 -165.54 -171.98 -178.54 -185.20 -191.97 -198.85 -205.83 -212.92 -220.12 -227.42 -234.82 -242.32 -249.92 -257.62 -265.41 -273.31 -281.29 -289.38 -297.55 -305.81 -314.17 -322.62 -331.15 -339.77 -348.47 -357.27 -366.14 -375.10 -384.14 -393.26 -402.45 -411.73 -421.09 -430.52 -440.02 -449.61 -459.26 -468.99 -478.78 -488.65 -498.59 -508.60 -518.67 -528.81 -539.02 -549.29 -559.63 -570.02 -580.49
-89.38 -93.72 -98.19 -102.79 -107.51 -112.36 -117.33 -122.43 -127.65 -133.00 -138.46 -144.05 -149.75 -155.57 -161.51 -167.56 -173.72 -180.00 -186.39 -192.90 -199.51 -206.23 -213.05 -219.99 -227.03 -234.17 -241.41 -248.76 -256.21 -263.76 -271.40 -279.14 -286.98 -294.91 -302.94 -311.06 -319.27 -327.57 -335.96 -344.43 -353.00 -361.65 -370.38 -379.20 -388.10 -397.08 -406.15 -415.29 -424.51 -433.81 -443.18 -452.63 -462.16 -471.76 -481.43 -491.17 -500.98 -510.86 -520.82 -530.83 -540.92 -551.07 -561.29 -571.57 -581.91 -592.32
-104.59 -108.90 -113.33 -117.89 -122.57 -127.38 -132.31 -137.37 -142.55 -147.85 -153.27 -158.81 -164.47 -170.24 -176.13 -182.14 -188.25 -194.48 -200.83 -207.28 -213.84 -220.51 -227.29 -234.17 -241.16 -248.25 -255.44 -262.73 -270.13 -277.62 -285.21 -292.90 -300.68 -308.56 -316.53 -324.60 -332.75 -341.00 -349.33 -357.75 -366.26 -374.86 -383.53 -392.30 -401.14 -410.07 -419.08 -428.16 -437.33 -446.57 -455.89 -465.29 -474.75 -484.30 -493.91 -503.60 -513.36 -523.18 -533.08 -543.04 -553.07 -563.17 -573.33 -583.56 -593.85 -604.20
-119.82 -124.08 -128.48 -133.00 -137.64 -142.41 -147.31 -152.32 -157.46 -162.72 -168.09 -173.59 -179.20 -184.93 -190.78 -196.73 -202.80 -208.99 -215.28 -221.69 -228.20 -234.82 -241.54 -248.38 -255.31 -262.35 -269.49 -276.73 -284.08 -291.52 -299.05 -306.69 -314.42 -322.24 -330.16 -338.17 -346.27 -354.46 -362.74 -371.11 -379.56 -388.10 -396.72 -405.43 -414.22 -423.09 -432.05 -441.08 -450.19 -459.38 -468.64 -477.98 -487.39 -496.88 -506.44 -516.07 -525.77 -535.55 -545.39 -555.30 -565.27 -575.32 -585.42 -595.60 -605.83 -616.13
-135.05 -139.28 -143.64 -148.12 -152.73 -157.46 -162.31 -167.29 -172.38 -177.60 -182.93 -188.39 -193.96 -199.64 -205.44 -211.35 -217.38 -223.51 -229.76 -236.11 -242.58 -249.15 -255.82 -262.61 -269.49 -276.48 -283.57 -290.76 -298.05 -305.44 -312.93 -320.51 -328.18 -335.96 -343.82 -351.78 -359.82 -367.96 -376.18 -384.50 -392.90 -401.38 -409.95 -418.60 -427.34 -436.16 -445.05 -454.03 -463.09 -472.22 -481.43 -490.71 -500.07 -509.50 -519.01 -528.59 -538.23 -547.95 -557.74 -567.59 -577.52 -587.51 -597.56 -607.68 -617.86 -628.11
-150.29 -154.49 -158.81 -163.26 -167.83 -172.52 -177.33 -182.27 -187.32 -192.50 -197.79 -203.20 -208.72 -214.37 -220.12 -225.99 -231.96 -238.05 -244.25 -250.56 -256.98 -263.50 -270.13 -276.86 -283.70 -290.64 -297.67 -304.81 -312.05 -319.39 -326.82 -334.35 -341.98 -349.70 -357.51 -365.41 -373.41 -381.49 -389.66 -397.92 -406.27 -414.70 -423.21 -431.81 -440.49 -449.26 -458.10 -467.02 -476.02 -485.10 -494.26 -503.49 -512.79 -522.17 -531.62 -541.14 -550.74 -560.40 -570.13 -579.94 -589.80 -599.74 -609.74 -619.80 -629.93 -640.13
-165.54 -169.70 -173.99 -178.40 -182.93 -187.59 -192.37 -197.26 -202.28 -207.41 -212.66 -218.03 -223.51 -229.11 -234.82 -240.64 -246.57 -252.62 -258.77 -265.03 -271.40 -277.88 -284.45 -291.14 -297.93 -304.81 -311.80 -318.89 -326.08 -333.37 -340.75 -348.23 -355.80 -363.47 -371.23 -379.08 -387.02 -395.05 -403.17 -411.38 -419.67 -428.05 -436.51 -445.05 -453.68 -462.39 -471.18 -480.05 -489.00 -498.02 -507.12 -516.30 -525.55 -534.87 -544.27 -553.74 -563.28 -572.89 -582.57 -592.32 -602.13 -612.02 -621.96 -631.98 -642.05 -652.19
-180.80 -184.93 -189.18 -193.56 -198.05 -202.67 -207.41 -212.27 -217.24 -222.34 -227.55 -232.87 -238.31 -243.87 -249.53 -255.31 -261.20 -267.20 -273.31 -279.52 -285.84 -292.27 -298.80 -305.44 -312.18 -319.02 -325.96 -333.00 -340.14 -347.37 -354.71 -362.13 -369.65 -377.27 -384.98 -392.78 -400.67 -408.64 -416.71 -424.86 -433.10 -441.43 -449.84 -458.33 -466.91 -475.56 -484.30 -493.11 -502.01 -510.98 -520.03 -529.15 -538.35 -547.62 -556.96 -566.38 -575.87 -585.42 -595.05 -604.74 -614.51 -624.34 -634.23 -644.19 -654.21 -664.30
-196.07 -200.17 -204.39 -208.72 -213.19 -217.77 -222.47 -227.29 -232.22 -237.28 -242.45 -247.73 -253.13 -258.64 -264.27 -270.00 -275.85 -281.80 -287.86 -294.03 -300.31 -306.69 -313.17 -319.76 -326.45 -333.25 -340.14 -347.13 -354.22 -361.40 -368.69 -376.06 -383.53 -391.10 -398.76 -406.50 -414.34 -422.27 -430.28 -438.38 -446.57 -454.84 -463.20 -471.64 -480.16 -488.77 -497.45 -506.21 -515.05 -523.97 -532.97 -542.04 -551.18 -560.40 -569.69 -579.06 -588.49 -598.00 -607.57 -617.21 -626.92 -636.70 -646.54 -656.45 -666.42 -676.45
-211.35 -215.41 -219.60 -223.90 -228.33 -232.87 -237.54 -242.32 -247.22 -252.23 -257.36 -262.61 -267.96 -273.43 -279.02 -284.71 -290.51 -296.42 -302.44 -308.56 -314.79 -321.13 -327.57 -334.11 -340.75 -347.50 -354.34 -361.28 -368.32 -375.46 -382.69 -390.02 -397.44 -404.96 -412.56 -420.26 -428.05 -435.92 -443.89 -451.94 -460.07 -468.29 -476.60 -484.99 -493.46 -502.01 -510.64 -519.35 -528.14 -537.00 -545.95 -554.96 -564.06 -573.22 -582.46 -591.77 -601.15 -610.61 -620.13 -629.72 -639.38 -649.10 -658.89 -668.75 -678.67 -688.65
-226.64 -230.67 -234.82 -239.09 -243.48 -247.99 -252.62 -257.36 -262.22 -267.20 -272.29 -277.49 -282.81 -288.24 -293.78 -299.43 -305.19 -311.06 -317.03 -323.11 -329.30 -335.59 -341.98 -348.47 -355.07 -361.77 -368.56 -375.46 -382.45 -389.54 -396.72 -404.00 -411.38 -418.84 -426.40 -434.04 -441.78 -449.61 -457.52 -465.52 -473.60 -481.77 -490.03 -498.36 -506.78 -515.28 -523.86 -532.52 -541.26 -550.07 -558.96 -567.93 -576.97 -586.08 -595.27 -604.53 -613.86 -623.26 -632.73 -642.27 -651.87 -661.54 -671.28 -681.09 -690.96 -700.89
-241.93 -245.93 -250.05 -254.29 -258.64 -263.12 -267.71 -272.42 -277.24 -282.18 -287.23 -292.40 -297.67 -303.06 -308.56 -314.17 -319.89 -325.71 -331.64 -337.68 -343.82 -350.06 -356.41 -362.86 -369.41 -376.06 -382.81 -389.66 -396.61 -403.65 -410.78 -418.01 -425.34 -432.75 -440.26 -447.86 -455.54 -463.32 -471.18 -479.13 -487.16 -495.28 -503.49 -511.77 -520.14 -528.59 -537.12 -545.72 -554.41 -563.17 -572.01 -580.92 -589.91 -598.98 -608.11 -617.32 -626.60 -635.95 -645.37 -654.85 -664.41 -674.03 -683.72 -693.47 -703.29 -713.17
-257.23 -261.20 -265.29 -269.49 -273.82 -278.26 -282.81 -287.48 -292.27 -297.17 -302.19 -307.31 -312.55 -317.90 -323.36 -328.93 -334.60 -340.38 -346.27 -352.26 -358.36 -364.56 -370.87 -377.27 -383.78 -390.38 -397.08 -403.88 -410.78 -417.78 -424.86 -432.05 -439.32 -446.69 -454.15 -461.70 -469.33 -477.06 -484.87 -492.77 -500.75 -508.82 -516.98 -525.21 -533.53 -541.93 -550.40 -558.96 -567.59 -576.31 -585.09 -593.96 -602.90 -611.91 -620.99 -630.15 -639.38 -648.67 -658.04 -667.48 -676.98 -686.55 -696.19 -705.89 -715.66 -725.49
