batimetri/circular_island_bathymetry.asc
ncols         600
nrows         600
xllcorner     120.0
yllcorner     -5.0
cellsize      0.01666667
NODATA_value  -9999
[rows 450 to 479 of 600, columns 264 to 329 of 600]
-751.68 -748.10 -744.62 -741.24 -737.95 -734.76 -731.68 -728.69 -725.80 -723.01 -720.32 -717.73 -715.24 -712.86 -710.57 -708.39 -706.31 -704.33 -702.45 -700.68 -699.01 -697.44 -695.98 -694.62 -693.36 -692.21 -691.17 -690.22 -689.38 -688.65 -688.02 -687.50 -687.08 -686.76 -686.55 -686.45 -686.45 -686.55 -686.76 -687.08 -687.50 -688.02 -688.65 -689.38 -690.22 -691.17 -692.21 -693.36 -694.62 -695.98 -697.44 -699.01 -700.68 -702.45 -704.33 -706.31 -708.39 -710.57 -712.86 -715.24 -717.73 -720.32 -723.01 -725.80 -728.69 -731.68
-767.06 -763.50 -760.04 -756.68 -753.42 -750.25 -747.18 -744.21 -741.34 -738.57 -735.90 -733.32 -730.85 -728.48 -726.21 -724.04 -721.97 -720.01 -718.14 -716.38 -714.72 -713.17 -711.71 -710.36 -709.12 -707.97 -706.93 -705.99 -705.16 -704.43 -703.81 -703.29 -702.87 -702.56 -702.35 -702.24 -702.24 -702.35 -702.56 -702.87 -703.29 -703.81 -704.43 -705.16 -705.99 -706.93 -707.97 -709.12 -710.36 -711.71 -713.17 -714.72 -716.38 -718.14 -720.01 -721.97 -724.04 -726.21 -728.48 -730.85 -733.32 -735.90 -738.57 -741.34 -744.21 -747.18
-782.44 -778.91 -775.47 -772.13 -768.88 -765.74 -762.69 -759.74 -756.88 -754.13 -751.48 -748.92 -746.46 -744.11 -741.85 -739.70 -737.64 -735.69 -733.84 -732.09 -730.44 -728.89 -727.45 -726.11 -724.87 -723.73 -722.70 -721.77 -720.94 -720.22 -719.59 -719.08 -718.66 -718.35 -718.14 -718.04 -718.04 -718.14 -718.35 -718.66 -719.08 -719.59 -720.22 -720.94 -721.77 -722.70 -723.73 -724.87 -726.11 -727.45 -728.89 -730.44 -732.09 -733.84 -735.69 -737.64 -739.70 -741.85 -744.11 -746.46 -748.92 -751.48 -754.13 -756.88 -759.74 -762.69
-797.83 -794.32 -790.90 -787.58 -784.36 -781.23 -778.20 -775.27 -772.43 -769.70 -767.06 -764.52 -762.08 -759.74 -757.50 -755.35 -753.31 -751.37 -749.53 -747.79 -746.16 -744.62 -743.19 -741.85 -740.62 -739.49 -738.47 -737.54 -736.72 -736.00 -735.38 -734.87 -734.46 -734.15 -733.94 -733.84 -733.84 -733.94 -734.15 -734.46 -734.87 -735.38 -736.00 -736.72 -737.54 -738.47 -739.49 -740.62 -741.85 -743.19 -744.62 -746.16 -747.79 -749.53 -751.37 -753.31 -755.35 -757.50 -759.74 -762.08 -764.52 -767.06 -769.70 -772.43 -775.27 -778.20
-813.22 -809.73 -806.34 -803.04 -799.83 -796.73 -793.72 -790.80 -787.98 -785.26 -782.64 -780.12 -777.69 -775.37 -773.14 -771.01 -768.99 -767.06 -765.23 -763.50 -761.87 -760.35 -758.92 -757.60 -756.37 -755.25 -754.23 -753.31 -752.50 -751.78 -751.17 -750.66 -750.25 -749.94 -749.74 -749.64 -749.64 -749.74 -749.94 -750.25 -750.66 -751.17 -751.78 -752.50 -753.31 -754.23 -755.25 -756.37 -757.60 -758.92 -760.35 -761.87 -763.50 -765.23 -767.06 -768.99 -771.01 -773.14 -775.37 -777.69 -780.12 -782.64 -785.26 -787.98 -790.80 -793.72
-828.62 -825.15 -821.78 -818.50 -815.32 -812.23 -809.23 -806.34 -803.54 -800.84 -798.23 -795.72 -793.31 -791.00 -788.79 -786.67 -784.66 -782.74 -780.93 -779.21 -777.59 -776.08 -774.66 -773.34 -772.13 -771.01 -770.00 -769.09 -768.28 -767.57 -766.96 -766.45 -766.04 -765.74 -765.53 -765.43 -765.43 -765.53 -765.74 -766.04 -766.45 -766.96 -767.57 -768.28 -769.09 -770.00 -771.01 -772.13 -773.34 -774.66 -776.08 -777.59 -779.21 -780.93 -782.74 -784.66 -786.67 -788.79 -791.00 -793.31 -795.72 -798.23 -800.84 -803.54 -806.34 -809.23
-844.03 -840.58 -837.22 -833.96 -830.80 -827.73 -824.76 -821.88 -819.10 -816.41 -813.82 -811.33 -808.93 -806.64 -804.44 -802.34 -800.34 -798.43 -796.63 -794.92 -793.31 -791.81 -790.40 -789.09 -787.88 -786.78 -785.77 -784.86 -784.05 -783.35 -782.74 -782.24 -781.84 -781.53 -781.33 -781.23 -781.23 -781.33 -781.53 -781.84 -782.24 -782.74 -783.35 -784.05 -784.86 -785.77 -786.78 -787.88 -789.09 -790.40 -791.81 -793.31 -794.92 -796.63 -798.43 -800.34 -802.34 -804.44 -806.64 -808.93 -811.33 -813.82 -816.41 -819.10 -821.88 -824.76
-859.43 -856.01 -852.67 -849.43 -846.29 -843.24 -840.28 -837.42 -834.66 -831.99 -829.41 -826.94 -824.56 -822.28 -820.09 -818.00 -816.01 -814.12 -812.33 -810.63 -809.03 -807.54 -806.14 -804.84 -803.64 -802.54 -801.54 -800.64 -799.83 -799.13 -798.53 -798.03 -797.63 -797.33 -797.13 -797.03 -797.03 -797.13 -797.33 -797.63 -798.03 -798.53 -799.13 -799.83 -800.64 -801.54 -802.54 -803.64 -804.84 -806.14 -807.54 -809.03 -810.63 -812.33 -814.12 -816.01 -818.00 -820.09 -822.28 -824.56 -826.94 -829.41 -831.99 -834.66 -837.42 -840.28
-874.85 -871.44 -868.13 -864.91 -861.78 -858.75 -855.81 -852.97 -850.22 -847.57 -845.01 -842.55 -840.18 -837.91 -835.74 -833.67 -831.69 -829.81 -828.03 -826.34 -824.76 -823.27 -821.88 -820.59 -819.39 -818.30 -817.31 -816.41 -815.61 -814.92 -814.32 -813.82 -813.42 -813.12 -812.92 -812.82 -812.82 -812.92 -813.12 -813.42 -813.82 -814.32 -814.92 -815.61 -816.41 -817.31 -818.30 -819.39 -820.59 -821.88 -823.27 -824.76 -826.34 -828.03 -829.81 -831.69 -833.67 -835.74 -837.91 -840.18 -842.55 -845.01 -847.57 -850.22 -852.97 -855.81
-890.26 -886.88 -883.59 -880.38 -877.28 -874.26 -871.34 -868.52 -865.79 -863.15 -860.61 -858.16 -855.81 -853.56 -851.40 -849.34 -847.37 -845.50 -843.73 -842.06 -840.48 -839.00 -837.62 -836.34 -835.15 -834.06 -833.07 -832.18 -831.39 -830.70 -830.11 -829.61 -829.22 -828.92 -828.72 -828.62 -828.62 -828.72 -828.92 -829.22 -829.61 -830.11 -830.70 -831.39 -832.18 -833.07 -834.06 -835.15 -836.34 -837.62 -839.00 -840.48 -842.06 -843.73 -845.50 -847.37 -849.34 -851.40 -853.56 -855.81 -858.16 -860.61 -863.15 -865.79 -868.52 -871.34
-905.69 -902.32 -899.05 -895.87 -892.78 -889.78 -886.88 -884.07 -881.35 -878.73 -876.21 -873.78 -871.44 -869.20 -867.05 -865.00 -863.05 -861.19 -859.43 -857.77 -856.20 -854.73 -853.36 -852.08 -850.91 -849.83 -848.84 -847.96 -847.17 -846.49 -845.89 -845.40 -845.01 -844.71 -844.52 -844.42 -844.42 -844.52 -844.71 -845.01 -845.40 -845.89 -846.49 -847.17 -847.96 -848.84 -849.83 -850.91 -852.08 -853.36 -854.73 -856.20 -857.77 -859.43 -861.19 -863.05 -865.00 -867.05 -869.20 -871.44 -873.78 -876.21 -878.73 -881.35 -884.07 -886.88
-921.11 -917.77 -914.51 -911.35 -908.28 -905.30 -902.42 -899.63 -896.93 -894.32 -891.81 -889.39 -887.07 -884.84 -882.71 -880.68 -878.73 -876.89 -875.14 -873.48 -871.93 -870.47 -869.10 -867.83 -866.66 -865.59 -864.61 -863.74 -862.95 -862.27 -861.68 -861.19 -860.80 -860.51 -860.31 -860.22 -860.22 -860.31 -860.51 -860.80 -861.19 -861.68 -862.27 -862.95 -863.74 -864.61 -865.59 -866.66 -867.83 -869.10 -870.47 -871.93 -873.48 -875.14 -876.89 -878.73 -880.68 -882.71 -884.84 -887.07 -889.39 -891.81 -894.32 -896.93 -899.63 -902.42
-936.54 -933.22 -929.98 -926.84 -923.79 -920.83 -917.96 -915.18 -912.50 -909.91 -907.42 -905.01 -902.71 -900.49 -898.37 -896.35 -894.42 -892.58 -890.84 -889.20 -887.65 -886.20 -884.84 -883.59 -882.42 -881.35 -880.38 -879.51 -878.73 -878.05 -877.47 -876.99 -876.60 -876.31 -876.11 -876.01 -876.01 -876.11 -876.31 -876.60 -876.99 -877.47 -878.05 -878.73 -879.51 -880.38 -881.35 -882.42 -883.59 -884.84 -886.20 -887.65 -889.20 -890.84 -892.58 -894.42 -896.35 -898.37 -900.49 -902.71 -905.01 -907.42 -909.91 -912.50 -915.18 -917.96
-951.98 -948.67 -945.46 -942.33 -939.30 -936.35 -933.50 -930.74 -928.08 -925.50 -923.02 -920.64 -918.34 -916.14 -914.03 -912.02 -910.10 -908.28 -906.55 -904.92 -903.38 -901.94 -900.59 -899.34 -898.18 -897.12 -896.15 -895.29 -894.51 -893.84 -893.26 -892.78 -892.39 -892.10 -891.91 -891.81 -891.81 -891.91 -892.10 -892.39 -892.78 -893.26 -893.84 -894.51 -895.29 -896.15 -897.12 -898.18 -899.34 -900.59 -901.94 -903.38 -904.92 -906.55 -908.28 -910.10 -912.02 -914.03 -916.14 -918.34 -920.64 -923.02 -925.50 -928.08 -930.74 -933.50
-967.42 -964.13 -960.93 -957.83 -954.81 -951.89 -949.05 -946.31 -943.66 -941.10 -938.63 -936.26 -933.98 -931.79 -929.70 -927.70 -925.79 -923.98 -922.26 -920.64 -919.11 -917.67 -916.33 -915.09 -913.94 -912.88 -911.93 -911.06 -910.30 -909.62 -909.05 -908.57 -908.18 -907.90 -907.70 -907.61 -907.61 -907.70 -907.90 -908.18 -908.57 -909.05 -909.62 -910.30 -911.06 -911.93 -912.88 -913.94 -915.09 -916.33 -917.67 -919.11 -920.64 -922.26 -923.98 -925.79 -927.70 -929.70 -931.79 -933.98 -936.26 -938.63 -941.10 -943.66 -946.31 -949.05
-982.86 -979.60 -976.42 -973.33 -970.33 -967.42 -964.60 -961.88 -959.24 -956.70 -954.25 -951.89 -949.62 -947.44 -945.36 -943.37 -941.48 -939.68 -937.97 -936.35 -934.83 -933.41 -932.08 -930.84 -929.70 -928.65 -927.70 -926.84 -926.08 -925.41 -924.84 -924.36 -923.98 -923.69 -923.50 -923.41 -923.41 -923.50 -923.69 -923.98 -924.36 -924.84 -925.41 -926.08 -926.84 -927.70 -928.65 -929.70 -930.84 -932.08 -933.41 -934.83 -936.35 -937.97 -939.68 -941.48 -943.37 -945.36 -947.44 -949.62 -951.89 -954.25 -956.70 -959.24 -961.88 -964.60
-998.31 -995.06 -991.90 -988.83 -985.85 -982.96 -980.16 -977.45 -974.83 -972.30 -969.86 -967.51 -965.26 -963.10 -961.03 -959.05 -957.17 -955.38 -953.68 -952.07 -950.56 -949.15 -947.82 -946.59 -945.46 -944.42 -943.47 -942.62 -941.86 -941.19 -940.63 -940.15 -939.77 -939.49 -939.30 -939.20 -939.20 -939.30 -939.49 -939.77 -940.15 -940.63 -941.19 -941.86 -942.62 -943.47 -944.42 -945.46 -946.59 -947.82 -949.15 -950.56 -952.07 -953.68 -955.38 -957.17 -959.05 -961.03 -963.10 -965.26 -967.51 -969.86 -972.30 -974.83 -977.45 -980.16
-1013.76 -1010.53 -1007.39 -1004.34 -1001.37 -998.50 -995.71 -993.02 -990.41 -987.90 -985.48 -983.14 -980.90 -978.75 -976.70 -974.73 -972.86 -971.08 -969.39 -967.80 -966.29 -964.88 -963.57 -962.35 -961.22 -960.18 -959.24 -958.39 -957.64 -956.98 -956.41 -955.94 -955.57 -955.28 -955.09 -955.00 -955.00 -955.09 -955.28 -955.57 -955.94 -956.41 -956.98 -957.64 -958.39 -959.24 -960.18 -961.22 -962.35 -963.57 -964.88 -966.29 -967.80 -969.39 -971.08 -972.86 -974.73 -976.70 -978.75 -980.90 -983.14 -985.48 -987.90 -990.41 -993.02 -995.71
-1029.22 -1026.01 -1022.88 -1019.85 -1016.90 -1014.04 -1011.27 -1008.59 -1006.00 -1003.50 -1001.09 -998.78 -996.55 -994.41 -992.37 -990.41 -988.55 -986.78 -985.10 -983.52 -982.02 -980.62 -979.31 -978.10 -976.98 -975.95 -975.01 -974.17 -973.42 -972.77 -972.20 -971.73 -971.36 -971.08 -970.89 -970.80 -970.80 -970.89 -971.08 -971.36 -971.73 -972.20 -972.77 -973.42 -974.17 -975.01 -975.95 -976.98 -978.10 -979.31 -980.62 -982.02 -983.52 -985.10 -986.78 -988.55 -990.41 -992.37 -994.41 -996.55 -998.78 -1001.09 -1003.50 -1006.00 -1008.59 -1011.27
-1044.68 -1041.49 -1038.38 -1035.36 -1032.43 -1029.59 -1026.83 -1024.17 -1021.59 -1019.11 -1016.71 -1014.41 -1012.19 -1010.07 -1008.04 -1006.09 -1004.24 -1002.48 -1000.82 -999.24 -997.75 -996.36 -995.06 -993.85 -992.74 -991.72 -990.78 -989.95 -989.20 -988.55 -987.99 -987.53 -987.15 -986.87 -986.69 -986.59 -986.59 -986.69 -986.87 -987.15 -987.53 -987.99 -988.55 -989.20 -989.95 -990.78 -991.72 -992.74 -993.85 -995.06 -996.36 -997.75 -999.24 -1000.82 -1002.48 -1004.24 -1006.09 -1008.04 -1010.07 -1012.19 -1014.41 -1016.71 -1019.11 -1021.59 -1024.17 -1026.83
-1060.14 -1056.97 -1053.88 -1050.88 -1047.96 -1045.14 -1042.40 -1039.75 -1037.19 -1034.72 -1032.34 -1030.05 -1027.84 -1025.73 -1023.71 -1021.78 -1019.94 -1018.19 -1016.53 -1014.96 -1013.49 -1012.10 -1010.81 -1009.61 -1008.50 -1007.48 -1006.56 -1005.72 -1004.98 -1004.34 -1003.78 -1003.32 -1002.95 -1002.67 -1002.48 -1002.39 -1002.39 -1002.48 -1002.67 -1002.95 -1003.32 -1003.78 -1004.34 -1004.98 -1005.72 -1006.56 -1007.48 -1008.50 -1009.61 -1010.81 -1012.10 -1013.49 -1014.96 -1016.53 -1018.19 -1019.94 -1021.78 -1023.71 -1025.73 -1027.84 -1030.05 -1032.34 -1034.72 -1037.19 -1039.75 -1042.40
-1075.61 -1072.45 -1069.38 -1066.40 -1063.50 -1060.69 -1057.97 -1055.33 -1052.79 -1050.33 -1047.96 -1045.68 -1043.49 -1041.39 -1039.38 -1037.46 -1035.63 -1033.89 -1032.25 -1030.69 -1029.22 -1027.84 -1026.56 -1025.36 -1024.26 -1023.25 -1022.33 -1021.50 -1020.77 -1020.12 -1019.57 -1019.11 -1018.74 -1018.47 -1018.28 -1018.19 -1018.19 -1018.28 -1018.47 -1018.74 -1019.11 -1019.57 -1020.12 -1020.77 -1021.50 -1022.33 -1023.25 -1024.26 -1025.36 -1026.56 -1027.84 -1029.22 -1030.69 -1032.25 -1033.89 -1035.63 -1037.46 -1039.38 -1041.39 -1043.49 -1045.68 -1047.96 -1050.33 -1052.79 -1055.33 -1057.97
-1091.08 -1087.94 -1084.89 -1081.92 -1079.04 -1076.24 -1073.54 -1070.92 -1068.39 -1065.94 -1063.59 -1061.32 -1059.15 -1057.06 -1055.06 -1053.15 -1051.33 -1049.60 -1047.96 -1046.41 -1044.95 -1043.58 -1042.31 -1041.12 -1040.02 -1039.02 -1038.10 -1037.28 -1036.55 -1035.91 -1035.36 -1034.90 -1034.54 -1034.26 -1034.08 -1033.99 -1033.99 -1034.08 -1034.26 -1034.54 -1034.90 -1035.36 -1035.91 -1036.55 -1037.28 -1038.10 -1039.02 -1040.02 -1041.12 -1042.31 -1043.58 -1044.95 -1046.41 -1047.96 -1049.60 -1051.33 -1053.15 -1055.06 -1057.06 -1059.15 -1061.32 -1063.59 -1065.94 -1068.39 -1070.92 -1073.54
-1106.56 -1103.43 -1100.40 -1097.44 -1094.58 -1091.80 -1089.11 -1086.50 -1083.99 -1081.56 -1079.22 -1076.96 -1074.80 -1072.72 -1070.74 -1068.84 -1067.03 -1065.31 -1063.68 -1062.14 -1060.69 -1059.33 -1058.06 -1056.88 -1055.79 -1054.79 -1053.88 -1053.06 -1052.33 -1051.69 -1051.15 -1050.69 -1050.33 -1050.06 -1049.87 -1049.78 -1049.78 -1049.87 -1050.06 -1050.33 -1050.69 -1051.15 -1051.69 -1052.33 -1053.06 -1053.88 -1054.79 -1055.79 -1056.88 -1058.06 -1059.33 -1060.69 -1062.14 -1063.68 -1065.31 -1067.03 -1068.84 -1070.74 -1072.72 -1074.80 -1076.96 -1079.22 -1081.56 -1083.99 -1086.50 -1089.11
-1122.04 -1118.93 -1115.91 -1112.97 -1110.12 -1107.36 -1104.68 -1102.09 -1099.59 -1097.17 -1094.85 -1092.61 -1090.45 -1088.39 -1086.41 -1084.53 -1082.73 -1081.02 -1079.40 -1077.86 -1076.42 -1075.07 -1073.81 -1072.63 -1071.55 -1070.56 -1069.65 -1068.84 -1068.11 -1067.48 -1066.94 -1066.49 -1066.12 -1065.85 -1065.67 -1065.58 -1065.58 -1065.67 -1065.85 -1066.12 -1066.49 -1066.94 -1067.48 -1068.11 -1068.84 -1069.65 -1070.56 -1071.55 -1072.63 -1073.81 -1075.07 -1076.42 -1077.86 -1079.40 -1081.02 -1082.73 -1084.53 -1086.41 -1088.39 -1090.45 -1092.61 -1094.85 -1097.17 -1099.59 -1102.09 -1104.68
-1137.52 -1134.43 -1131.42 -1128.50 -1125.67 -1122.92 -1120.26 -1117.69 -1115.20 -1112.79 -1110.48 -1108.25 -1106.11 -1104.06 -1102.09 -1100.22 -1098.43 -1096.73 -1095.12 -1093.59 -1092.16 -1090.81 -1089.56 -1088.39 -1087.31 -1086.32 -1085.43 -1084.62 -1083.90 -1083.27 -1082.73 -1082.28 -1081.92 -1081.65 -1081.47 -1081.38 -1081.38 -1081.47 -1081.65 -1081.92 -1082.28 -1082.73 -1083.27 -1083.90 -1084.62 -1085.43 -1086.32 -1087.31 -1088.39 -1089.56 -1090.81 -1092.16 -1093.59 -1095.12 -1096.73 -1098.43 -1100.22 -1102.09 -1104.06 -1106.11 -1108.25 -1110.48 -1112.79 -1115.20 -1117.69 -1120.26
-1153.00 -1149.93 -1146.94 -1144.04 -1141.22 -1138.49 -1135.84 -1133.28 -1130.80 -1128.42 -1126.11 -1123.90 -1121.77 -1119.73 -1117.77 -1115.91 -1114.13 -1112.44 -1110.84 -1109.32 -1107.89 -1106.56 -1105.31 -1104.15 -1103.08 -1102.09 -1101.20 -1100.40 -1099.68 -1099.05 -1098.52 -1098.07 -1097.71 -1097.44 -1097.26 -1097.17 -1097.17 -1097.26 -1097.44 -1097.71 -1098.07 -1098.52 -1099.05 -1099.68 -1100.40 -1101.20 -1102.09 -1103.08 -1104.15 -1105.31 -1106.56 -1107.89 -1109.32 -1110.84 -1112.44 -1114.13 -1115.91 -1117.77 -1119.73 -1121.77 -1123.90 -1126.11 -1128.42 -1130.80 -1133.28 -1135.84
-1168.49 -1165.44 -1162.46 -1159.58 -1156.77 -1154.06 -1151.42 -1148.88 -1146.41 -1144.04 -1141.75 -1139.55 -1137.43 -1135.40 -1133.46 -1131.60 -1129.83 -1128.15 -1126.56 -1125.05 -1123.63 -1122.30 -1121.06 -1119.91 -1118.84 -1117.86 -1116.97 -1116.17 -1115.46 -1114.84 -1114.31 -1113.86 -1113.51 -1113.24 -1113.06 -1112.97 -1112.97 -1113.06 -1113.24 -1113.51 -1113.86 -1114.31 -1114.84 -1115.46 -1116.17 -1116.97 -1117.86 -1118.84 -1119.91 -1121.06 -1122.30 -1123.63 -1125.05 -1126.56 -1128.15 -1129.83 -1131.60 -1133.46 -1135.40 -1137.43 -1139.55 -1141.75 -1144.04 -1146.41 -1148.88 -1151.42
-1183.98 -1180.94 -1177.99 -1175.12 -1172.33 -1169.63 -1167.01 -1164.47 -1162.03 -1159.66 -1157.39 -1155.20 -1153.09 -1151.07 -1149.14 -1147.29 -1145.53 -1143.86 -1142.28 -1140.78 -1139.37 -1138.05 -1136.81 -1135.66 -1134.60 -1133.63 -1132.75 -1131.95 -1131.25 -1130.63 -1130.10 -1129.65 -1129.30 -1129.03 -1128.86 -1128.77 -1128.77 -1128.86 -1129.03 -1129.30 -1129.65 -1130.10 -1130.63 -1131.25 -1131.95 -1132.75 -1133.63 -1134.60 -1135.66 -1136.81 -1138.05 -1139.37 -1140.78 -1142.28 -1143.86 -1145.53 -1147.29 -1149.14 -1151.07 -1153.09 -1155.20 -1157.39 -1159.66 -1162.03 -1164.47 -1167.01
-1199.48 -1196.46 -1193.52 -1190.66 -1187.89 -1185.20 -1182.59 -1180.08 -1177.64 -1175.29 -1173.03 -1170.85 -1168.75 -1166.75 -1164.82 -1162.99 -1161.24 -1159.58 -1158.00 -1156.51 -1155.11 -1153.79 -1152.56 -1151.42 -1150.37 -1149.40 -1148.52 -1147.73 -1147.03 -1146.41 -1145.89 -1145.45 -1145.09 -1144.83 -1144.65 -1144.57 -1144.57 -1144.65 -1144.83 -1145.09 -1145.45 -1145.89 -1146.41 -1147.03 -1147.73 -1148.52 -1149.40 -1150.37 -1151.42 -1152.56 -1153.79 -1155.11 -1156.51 -1158.00 -1159.58 -1161.24 -1162.99 -1164.82 -1166.75 -1168.75 -1170.85 -1173.03 -1175.29 -1177.64 -1180.08 -1182.59
