batimetri/circular_island_bathymetry_2.asc
ncols         600
nrows         600
xllcorner     120.0
yllcorner     -5.0
cellsize      0.01666667
NODATA_value  -9999
[rows 377 to 405 of 600, columns 264 to 329 of 600]
-137.26 -131.35 -125.57 -119.94 -114.46 -109.12 -103.93 -98.89 -94.01 -89.28 -84.71 -80.30 -76.04 -71.95 -68.03 -64.27 -60.68 -57.26 -54.00 -50.93 -48.02 -45.29 -42.73 -40.36 -38.16 -36.14 -34.30 -32.64 -31.16 -29.87 -28.76 -27.84 -27.09 -26.54 -26.17 -25.98 -25.98 -26.17 -26.54 -27.09 -27.84 -28.76 -29.87 -31.16 -32.64 -34.30 -36.14 -38.16 -40.36 -42.73 -45.29 -48.02 -50.93 -54.00 -57.26 -60.68 -64.27 -68.03 -71.95 -76.04 -80.30 -84.71 -89.28 -94.01 -98.89 -103.93
-150.35 -144.49 -138.78 -133.21 -127.78 -122.51 -117.37 -112.39 -107.56 -102.89 -98.37 -94.01 -89.81 -85.77 -81.89 -78.17 -74.62 -71.24 -68.03 -64.99 -62.12 -59.42 -56.90 -54.55 -52.38 -50.38 -48.56 -46.93 -45.47 -44.19 -43.10 -42.18 -41.45 -40.90 -40.54 -40.36 -40.36 -40.54 -40.90 -41.45 -42.18 -43.10 -44.19 -45.47 -46.93 -48.56 -50.38 -52.38 -54.55 -56.90 -59.42 -62.12 -64.99 -68.03 -71.24 -74.62 -78.17 -81.89 -85.77 -89.81 -94.01 -98.37 -102.89 -107.56 -112.39 -117.37
-163.46 -157.67 -152.01 -146.50 -141.14 -135.91 -130.84 -125.91 -121.14 -116.52 -112.05 -107.74 -103.58 -99.59 -95.76 -92.08 -88.58 -85.24 -82.06 -79.06 -76.22 -73.56 -71.06 -68.74 -66.60 -64.63 -62.84 -61.22 -59.78 -58.52 -57.44 -56.53 -55.81 -55.27 -54.91 -54.73 -54.73 -54.91 -55.27 -55.81 -56.53 -57.44 -58.52 -59.78 -61.22 -62.84 -64.63 -66.60 -68.74 -71.06 -73.56 -76.22 -79.06 -82.06 -85.24 -88.58 -92.08 -95.76 -99.59 -103.58 -107.74 -112.05 -116.52 -121.14 -125.91 -130.84
-176.59 -170.86 -165.27 -159.82 -154.51 -149.34 -144.33 -139.45 -134.73 -130.16 -125.74 -121.48 -117.37 -113.43 -109.64 -106.01 -102.54 -99.24 -96.10 -93.13 -90.33 -87.70 -85.24 -82.95 -80.83 -78.88 -77.11 -75.51 -74.09 -72.85 -71.78 -70.89 -70.17 -69.64 -69.28 -69.10 -69.10 -69.28 -69.64 -70.17 -70.89 -71.78 -72.85 -74.09 -75.51 -77.11 -78.88 -80.83 -82.95 -85.24 -87.70 -90.33 -93.13 -96.10 -99.24 -102.54 -106.01 -109.64 -113.43 -117.37 -121.48 -125.74 -130.16 -134.73 -139.45 -144.33
-189.76 -184.09 -178.55 -173.16 -167.91 -162.80 -157.83 -153.01 -148.34 -143.82 -139.45 -135.24 -131.18 -127.27 -123.53 -119.94 -116.52 -113.25 -110.15 -107.22 -104.45 -101.85 -99.41 -97.15 -95.06 -93.13 -91.38 -89.81 -88.40 -87.17 -86.12 -85.24 -84.53 -84.00 -83.65 -83.47 -83.47 -83.65 -84.00 -84.53 -85.24 -86.12 -87.17 -88.40 -89.81 -91.38 -93.13 -95.06 -97.15 -99.41 -101.85 -104.45 -107.22 -110.15 -113.25 -116.52 -119.94 -123.53 -127.27 -131.18 -135.24 -139.45 -143.82 -148.34 -153.01 -157.83
-202.95 -197.34 -191.86 -186.52 -181.32 -176.27 -171.36 -166.59 -161.97 -157.50 -153.18 -149.01 -145.00 -141.14 -137.43 -133.89 -130.50 -127.27 -124.21 -121.31 -118.57 -116.00 -113.60 -111.36 -109.29 -107.39 -105.66 -104.10 -102.72 -101.50 -100.46 -99.59 -98.89 -98.37 -98.02 -97.85 -97.85 -98.02 -98.37 -98.89 -99.59 -100.46 -101.50 -102.72 -104.10 -105.66 -107.39 -109.29 -111.36 -113.60 -116.00 -118.57 -121.31 -124.21 -127.27 -130.50 -133.89 -137.43 -141.14 -145.00 -149.01 -153.18 -157.50 -161.97 -166.59 -171.36
-216.16 -210.61 -205.19 -199.91 -194.76 -189.76 -184.90 -180.18 -175.61 -171.19 -166.92 -162.80 -158.83 -155.01 -151.35 -147.84 -144.49 -141.30 -138.27 -135.41 -132.70 -130.16 -127.78 -125.57 -123.53 -121.65 -119.94 -118.40 -117.03 -115.83 -114.80 -113.94 -113.25 -112.74 -112.39 -112.22 -112.22 -112.39 -112.74 -113.25 -113.94 -114.80 -115.83 -117.03 -118.40 -119.94 -121.65 -123.53 -125.57 -127.78 -130.16 -132.70 -135.41 -138.27 -141.30 -144.49 -147.84 -151.35 -155.01 -158.83 -162.80 -166.92 -171.19 -175.61 -180.18 -184.90
-229.40 -223.90 -218.54 -213.31 -208.22 -203.27 -198.46 -193.79 -189.27 -184.90 -180.67 -176.59 -172.67 -168.89 -165.27 -161.80 -158.49 -155.34 -152.35 -149.51 -146.84 -144.33 -141.98 -139.79 -137.77 -135.91 -134.22 -132.70 -131.35 -130.16 -129.14 -128.29 -127.61 -127.10 -126.76 -126.59 -126.59 -126.76 -127.10 -127.61 -128.29 -129.14 -130.16 -131.35 -132.70 -134.22 -135.91 -137.77 -139.79 -141.98 -144.33 -146.84 -149.51 -152.35 -155.34 -158.49 -161.80 -165.27 -168.89 -172.67 -176.59 -180.67 -184.90 -189.27 -193.79 -198.46
-242.67 -237.22 -231.91 -226.74 -221.70 -216.80 -212.04 -207.42 -202.95 -198.62 -194.44 -190.41 -186.52 -182.79 -179.21 -175.78 -172.50 -169.39 -166.42 -163.62 -160.98 -158.49 -156.17 -154.01 -152.01 -150.18 -148.51 -147.00 -145.67 -144.49 -143.49 -142.65 -141.98 -141.47 -141.14 -140.97 -140.97 -141.14 -141.47 -141.98 -142.65 -143.49 -144.49 -145.67 -147.00 -148.51 -150.18 -152.01 -154.01 -156.17 -158.49 -160.98 -163.62 -166.42 -169.39 -172.50 -175.78 -179.21 -182.79 -186.52 -190.41 -194.44 -198.62 -202.95 -207.42 -212.04
-255.95 -250.56 -245.30 -240.18 -235.19 -230.35 -225.64 -221.07 -216.64 -212.36 -208.22 -204.23 -200.39 -196.69 -193.15 -189.76 -186.52 -183.44 -180.51 -177.74 -175.12 -172.67 -170.37 -168.23 -166.26 -164.45 -162.80 -161.31 -159.98 -158.83 -157.83 -157.00 -156.34 -155.84 -155.51 -155.34 -155.34 -155.51 -155.84 -156.34 -157.00 -157.83 -158.83 -159.98 -161.31 -162.80 -164.45 -166.26 -168.23 -170.37 -172.67 -175.12 -177.74 -180.51 -183.44 -186.52 -189.76 -193.15 -196.69 -200.39 -204.23 -208.22 -212.36 -216.64 -221.07 -225.64
-269.26 -263.92 -258.72 -253.65 -248.71 -243.91 -239.25 -234.73 -230.35 -226.11 -222.01 -218.06 -214.26 -210.61 -207.10 -203.75 -200.55 -197.50 -194.60 -191.86 -189.27 -186.85 -184.57 -182.46 -180.51 -178.72 -177.08 -175.61 -174.31 -173.16 -172.18 -171.36 -170.70 -170.21 -169.88 -169.71 -169.71 -169.88 -170.21 -170.70 -171.36 -172.18 -173.16 -174.31 -175.61 -177.08 -178.72 -180.51 -182.46 -184.57 -186.85 -189.27 -191.86 -194.60 -197.50 -200.55 -203.75 -207.10 -210.61 -214.26 -218.06 -222.01 -226.11 -230.35 -234.73 -239.25
-282.59 -277.31 -272.15 -267.13 -262.24 -257.49 -252.88 -248.40 -244.06 -239.87 -235.82 -231.91 -228.15 -224.53 -221.07 -217.75 -214.58 -211.56 -208.70 -205.99 -203.43 -201.03 -198.78 -196.69 -194.76 -192.99 -191.37 -189.92 -188.63 -187.49 -186.52 -185.71 -185.06 -184.57 -184.25 -184.09 -184.09 -184.25 -184.57 -185.06 -185.71 -186.52 -187.49 -188.63 -189.92 -191.37 -192.99 -194.76 -196.69 -198.78 -201.03 -203.43 -205.99 -208.70 -211.56 -214.58 -217.75 -221.07 -224.53 -228.15 -231.91 -235.82 -239.87 -244.06 -248.40 -252.88
-295.94 -290.71 -285.60 -280.63 -275.79 -271.09 -266.52 -262.09 -257.80 -253.65 -249.64 -245.77 -242.05 -238.47 -235.04 -231.75 -228.62 -225.64 -222.80 -220.12 -217.59 -215.21 -212.99 -210.93 -209.02 -207.26 -205.67 -204.23 -202.95 -201.83 -200.87 -200.07 -199.42 -198.94 -198.62 -198.46 -198.46 -198.62 -198.94 -199.42 -200.07 -200.87 -201.83 -202.95 -204.23 -205.67 -207.26 -209.02 -210.93 -212.99 -215.21 -217.59 -220.12 -222.80 -225.64 -228.62 -231.75 -235.04 -238.47 -242.05 -245.77 -249.64 -253.65 -257.80 -262.09 -266.52
-309.31 -304.13 -299.07 -294.15 -289.36 -284.70 -280.18 -275.79 -271.54 -267.43 -263.47 -259.64 -255.95 -252.41 -249.02 -245.77 -242.67 -239.71 -236.91 -234.26 -231.75 -229.40 -227.21 -225.16 -223.27 -221.54 -219.96 -218.54 -217.27 -216.16 -215.21 -214.42 -213.79 -213.31 -212.99 -212.83 -212.83 -212.99 -213.31 -213.79 -214.42 -215.21 -216.16 -217.27 -218.54 -219.96 -221.54 -223.27 -225.16 -227.21 -229.40 -231.75 -234.26 -236.91 -239.71 -242.67 -245.77 -249.02 -252.41 -255.95 -259.64 -263.47 -267.43 -271.54 -275.79 -280.18
-322.70 -317.57 -312.56 -307.69 -302.94 -298.33 -293.85 -289.51 -285.30 -281.23 -277.31 -273.52 -269.87 -266.37 -263.01 -259.79 -256.72 -253.80 -251.03 -248.40 -245.92 -243.60 -241.43 -239.40 -237.53 -235.82 -234.26 -232.85 -231.60 -230.50 -229.56 -228.78 -228.15 -227.68 -227.36 -227.21 -227.21 -227.36 -227.68 -228.15 -228.78 -229.56 -230.50 -231.60 -232.85 -234.26 -235.82 -237.53 -239.40 -241.43 -243.60 -245.92 -248.40 -251.03 -253.80 -256.72 -259.79 -263.01 -266.37 -269.87 -273.52 -277.31 -281.23 -285.30 -289.51 -293.85
-336.11 -331.03 -326.07 -321.24 -316.54 -311.97 -307.54 -303.24 -299.07 -295.05 -291.16 -287.41 -283.80 -280.33 -277.00 -273.82 -270.78 -267.89 -265.15 -262.55 -260.10 -257.80 -255.65 -253.65 -251.80 -250.10 -248.55 -247.16 -245.92 -244.84 -243.91 -243.13 -242.51 -242.05 -241.74 -241.58 -241.58 -241.74 -242.05 -242.51 -243.13 -243.91 -244.84 -245.92 -247.16 -248.55 -250.10 -251.80 -253.65 -255.65 -257.80 -260.10 -262.55 -265.15 -267.89 -270.78 -273.82 -277.00 -280.33 -283.80 -287.41 -291.16 -295.05 -299.07 -303.24 -307.54
-349.54 -344.50 -339.59 -334.81 -330.15 -325.63 -321.24 -316.98 -312.86 -308.87 -305.02 -301.31 -297.73 -294.30 -291.01 -287.86 -284.85 -281.99 -279.27 -276.70 -274.28 -272.00 -269.87 -267.89 -266.06 -264.38 -262.85 -261.48 -260.25 -259.18 -258.26 -257.49 -256.88 -256.41 -256.11 -255.95 -255.95 -256.11 -256.41 -256.88 -257.49 -258.26 -259.18 -260.25 -261.48 -262.85 -264.38 -266.06 -267.89 -269.87 -272.00 -274.28 -276.70 -279.27 -281.99 -284.85 -287.86 -291.01 -294.30 -297.73 -301.31 -305.02 -308.87 -312.86 -316.98 -321.24
-362.99 -358.00 -353.13 -348.39 -343.78 -339.30 -334.95 -330.74 -326.65 -322.70 -318.89 -315.21 -311.68 -308.28 -305.02 -301.90 -298.92 -296.09 -293.40 -290.86 -288.46 -286.20 -284.10 -282.14 -280.33 -278.67 -277.15 -275.79 -274.58 -273.52 -272.61 -271.85 -271.24 -270.78 -270.48 -270.33 -270.33 -270.48 -270.78 -271.24 -271.85 -272.61 -273.52 -274.58 -275.79 -277.15 -278.67 -280.33 -282.14 -284.10 -286.20 -288.46 -290.86 -293.40 -296.09 -298.92 -301.90 -305.02 -308.28 -311.68 -315.21 -318.89 -322.70 -326.65 -330.74 -334.95
-376.45 -371.51 -366.69 -361.99 -357.42 -352.99 -348.68 -344.50 -340.46 -336.55 -332.77 -329.13 -325.63 -322.26 -319.04 -315.95 -313.00 -310.20 -307.54 -305.02 -302.64 -300.41 -298.33 -296.39 -294.60 -292.95 -291.46 -290.11 -288.91 -287.86 -286.96 -286.20 -285.60 -285.15 -284.85 -284.70 -284.70 -284.85 -285.15 -285.60 -286.20 -286.96 -287.86 -288.91 -290.11 -291.46 -292.95 -294.60 -296.39 -298.33 -300.41 -302.64 -305.02 -307.54 -310.20 -313.00 -315.95 -319.04 -322.26 -325.63 -329.13 -332.77 -336.55 -340.46 -344.50 -348.68
-389.93 -385.03 -380.26 -375.61 -371.08 -366.69 -362.42 -358.28 -354.28 -350.40 -346.66 -343.06 -339.59 -336.26 -333.06 -330.01 -327.09 -324.31 -321.68 -319.18 -316.83 -314.63 -312.56 -310.64 -308.87 -307.24 -305.76 -304.43 -303.24 -302.20 -301.31 -300.56 -299.97 -299.52 -299.22 -299.07 -299.07 -299.22 -299.52 -299.97 -300.56 -301.31 -302.20 -303.24 -304.43 -305.76 -307.24 -308.87 -310.64 -312.56 -314.63 -316.83 -319.18 -321.68 -324.31 -327.09 -330.01 -333.06 -336.26 -339.59 -343.06 -346.66 -350.40 -354.28 -358.28 -362.42
-403.43 -398.58 -393.84 -389.23 -384.75 -380.40 -376.17 -372.07 -368.11 -364.27 -360.57 -357.00 -353.56 -350.26 -347.10 -344.07 -341.18 -338.43 -335.82 -333.35 -331.03 -328.84 -326.80 -324.90 -323.14 -321.53 -320.06 -318.74 -317.57 -316.54 -315.66 -314.92 -314.33 -313.89 -313.59 -313.45 -313.45 -313.59 -313.89 -314.33 -314.92 -315.66 -316.54 -317.57 -318.74 -320.06 -321.53 -323.14 -324.90 -326.80 -328.84 -331.03 -333.35 -335.82 -338.43 -341.18 -344.07 -347.10 -350.26 -353.56 -357.00 -360.57 -364.27 -368.11 -372.07 -376.17
-416.95 -412.13 -407.44 -402.88 -398.44 -394.12 -389.93 -385.87 -381.94 -378.14 -374.48 -370.94 -367.54 -364.27 -361.14 -358.14 -355.28 -352.56 -349.97 -347.53 -345.22 -343.06 -341.04 -339.16 -337.42 -335.82 -334.37 -333.06 -331.90 -330.88 -330.01 -329.28 -328.70 -328.26 -327.97 -327.82 -327.82 -327.97 -328.26 -328.70 -329.28 -330.01 -330.88 -331.90 -333.06 -334.37 -335.82 -337.42 -339.16 -341.04 -343.06 -345.22 -347.53 -349.97 -352.56 -355.28 -358.14 -361.14 -364.27 -367.54 -370.94 -374.48 -378.14 -381.94 -385.87 -389.93
-430.48 -425.71 -421.06 -416.53 -412.13 -407.86 -403.71 -399.69 -395.79 -392.03 -388.40 -384.89 -381.52 -378.29 -375.18 -372.21 -369.38 -366.69 -364.13 -361.71 -359.42 -357.28 -355.28 -353.42 -351.70 -350.12 -348.68 -347.38 -346.23 -345.22 -344.36 -343.64 -343.06 -342.63 -342.34 -342.19 -342.19 -342.34 -342.63 -343.06 -343.64 -344.36 -345.22 -346.23 -347.38 -348.68 -350.12 -351.70 -353.42 -355.28 -357.28 -359.42 -361.71 -364.13 -366.69 -369.38 -372.21 -375.18 -378.29 -381.52 -384.89 -388.40 -392.03 -395.79 -399.69 -403.71
-444.02 -439.29 -434.69 -430.20 -425.84 -421.61 -417.49 -413.51 -409.65 -405.92 -402.32 -398.85 -395.51 -392.31 -389.23 -386.29 -383.49 -380.82 -378.29 -375.89 -373.63 -371.51 -369.52 -367.68 -365.98 -364.41 -362.99 -361.71 -360.57 -359.57 -358.71 -358.00 -357.42 -357.00 -356.71 -356.57 -356.57 -356.71 -357.00 -357.42 -358.00 -358.71 -359.57 -360.57 -361.71 -362.99 -364.41 -365.98 -367.68 -369.52 -371.51 -373.63 -375.89 -378.29 -380.82 -383.49 -386.29 -389.23 -392.31 -395.51 -398.85 -402.32 -405.92 -409.65 -413.51 -417.49
-457.58 -452.90 -448.33 -443.89 -439.56 -435.37 -431.29 -427.34 -423.52 -419.83 -416.26 -412.82 -409.51 -406.34 -403.29 -400.38 -397.60 -394.96 -392.45 -390.07 -387.84 -385.73 -383.77 -381.94 -380.26 -378.71 -377.30 -376.03 -374.90 -373.91 -373.06 -372.36 -371.79 -371.36 -371.08 -370.94 -370.94 -371.08 -371.36 -371.79 -372.36 -373.06 -373.91 -374.90 -376.03 -377.30 -378.71 -380.26 -381.94 -383.77 -385.73 -387.84 -390.07 -392.45 -394.96 -397.60 -400.38 -403.29 -406.34 -409.51 -412.82 -416.26 -419.83 -423.52 -427.34 -431.29
-471.16 -466.51 -461.99 -457.58 -453.30 -449.14 -445.10 -441.19 -437.40 -433.74 -430.20 -426.80 -423.52 -420.37 -417.36 -414.47 -411.72 -409.10 -406.61 -404.26 -402.05 -399.96 -398.02 -396.21 -394.54 -393.01 -391.61 -390.35 -389.23 -388.26 -387.42 -386.71 -386.15 -385.73 -385.45 -385.31 -385.31 -385.45 -385.73 -386.15 -386.71 -387.42 -388.26 -389.23 -390.35 -391.61 -393.01 -394.54 -396.21 -398.02 -399.96 -402.05 -404.26 -406.61 -409.10 -411.72 -414.47 -417.36 -420.37 -423.52 -426.80 -430.20 -433.74 -437.40 -441.19 -445.10
-484.74 -480.14 -475.65 -471.29 -467.04 -462.92 -458.92 -455.04 -451.29 -447.66 -444.16 -440.78 -437.53 -434.42 -431.43 -428.57 -425.84 -423.25 -420.78 -418.45 -416.26 -414.20 -412.27 -410.48 -408.82 -407.31 -405.92 -404.68 -403.57 -402.60 -401.77 -401.07 -400.52 -400.10 -399.83 -399.69 -399.69 -399.83 -400.10 -400.52 -401.07 -401.77 -402.60 -403.57 -404.68 -405.92 -407.31 -408.82 -410.48 -412.27 -414.20 -416.26 -418.45 -420.78 -423.25 -425.84 -428.57 -431.43 -434.42 -437.53 -440.78 -444.16 -447.66 -451.29 -455.04 -458.92
-498.35 -493.78 -489.34 -485.01 -480.80 -476.71 -472.74 -468.90 -465.18 -461.59 -458.12 -454.77 -451.55 -448.46 -445.50 -442.67 -439.97 -437.40 -434.96 -432.65 -430.48 -428.43 -426.52 -424.75 -423.11 -421.61 -420.24 -419.00 -417.91 -416.95 -416.12 -415.43 -414.88 -414.47 -414.20 -414.06 -414.06 -414.20 -414.47 -414.88 -415.43 -416.12 -416.95 -417.91 -419.00 -420.24 -421.61 -423.11 -424.75 -426.52 -428.43 -430.48 -432.65 -434.96 -437.40 -439.97 -442.67 -445.50 -448.46 -451.55 -454.77 -458.12 -461.59 -465.18 -468.90 -472.74
-511.96 -507.44 -503.03 -498.74 -494.57 -490.51 -486.58 -482.77 -479.09 -475.52 -472.08 -468.77 -465.58 -462.52 -459.58 -456.78 -454.10 -451.55 -449.14 -446.85 -444.69 -442.67 -440.78 -439.02 -437.40 -435.91 -434.55 -433.33 -432.24 -431.29 -430.48 -429.79 -429.25 -428.84 -428.57 -428.43 -428.43 -428.57 -428.84 -429.25 -429.79 -430.48 -431.29 -432.24 -433.33 -434.55 -435.91 -437.40 -439.02 -440.78 -442.67 -444.69 -446.85 -449.14 -451.55 -454.10 -456.78 -459.58 -462.52 -465.58 -468.77 -472.08 -475.52 -479.09 -482.77 -486.58
